1 0 37 0
2 0 18 0
3 0 18 0
4 0 24 0
5 0 29 0
6 0 13 0
7 0 26 0
8 0 47 0
9 14 14 6
10 14 15 6
11 16 18 10
12 16 18 10
13 19 23 3
14 19 37 3
15 19 73 12
16 19 79 12
17 24 24 13
18 24 25 13
19 25 41 4
20 25 82 4
21 26 37 18
22 26 37 18
23 27 27 7
24 27 28 7
25 29 37 24
26 29 37 24
27 30 84 5
28 30 41 5
29 38 41 22
30 38 38 14
31 38 41 22
32 38 39 14
33 38 85 26
34 38 50 26
35 40 41 0
36 40 54 32
37 40 92 32
38 41 42 0
39 42 85 28
40 42 83 31
41 42 82 31
42 42 83 28
43 48 65 8
44 48 113 8
45 51 54 34
46 51 51 34
47 51 55 34
48 54 87 0
49 55 55 36
50 55 95 36
51 56 59 47
52 56 61 47
53 62 65 0
54 62 62 52
55 62 85 52
56 66 66 43
57 66 102 43
58 67 80 0
59 74 149 15
60 74 94 15
61 77 87 0
62 80 90 0
63 80 80 16
64 80 81 16
65 82 83 64
66 82 84 64
67 83 86 20
68 83 85 20
69 83 94 41
70 83 94 41
71 84 94 40
72 84 94 42
73 84 89 40
74 84 84 42
75 85 89 66
76 85 94 74
77 85 85 74
78 85 90 66
79 86 94 68
80 86 94 33
81 86 94 55
82 86 94 55
83 86 86 77
84 86 147 68
85 86 87 77
86 86 94 33
87 87 94 67
88 87 94 67
89 88 90 48
90 88 88 85
91 88 95 48
92 88 89 85
93 90 149 92
94 90 94 92
95 90 91 73
96 90 97 73
97 91 93 78
98 91 94 78
99 93 114 37
100 93 108 37
101 95 143 98
102 95 141 0
103 95 113 69
104 95 109 88
105 95 108 98
106 95 107 70
107 95 104 98
108 95 97 69
109 95 96 70
110 95 142 87
111 95 99 69
112 95 140 88
113 95 99 87
114 95 140 76
115 95 133 76
116 95 142 86
117 95 134 86
118 95 143 0
119 96 110 50
120 96 97 91
121 96 137 91
122 96 147 50
123 98 146 96
124 98 108 96
125 100 101 113
126 100 100 111
127 100 100 111
128 100 110 113
129 101 113 127
130 101 102 0
131 101 102 0
132 101 116 127
133 103 111 0
134 103 103 57
135 103 104 57
136 104 116 0
137 105 149 135
138 105 149 135
139 106 126 0
140 107 112 0
141 109 112 124
142 109 122 124
143 109 133 100
144 109 112 100
145 111 115 128
146 111 117 128
147 112 119 0
148 113 114 144
149 113 114 0
150 113 117 144
151 114 149 44
152 114 149 44
153 115 116 99
154 115 117 99
155 117 117 132
156 117 127 132
157 118 149 155
158 118 149 146
159 118 119 155
160 118 119 150
161 118 118 154
162 118 137 155
163 118 140 146
164 118 119 154
165 118 130 150
166 120 122 164
167 120 127 164
168 123 124 0
169 123 123 142
170 123 124 142
171 125 129 0
172 125 127 170
173 125 131 170
174 126 128 0
175 128 128 156
176 128 128 167
177 128 131 156
178 128 129 167
179 130 130 178
180 130 134 178
181 130 130 0
182 131 136 181
183 131 134 165
184 131 133 165
185 131 132 181
186 132 149 177
187 132 149 0
188 132 132 173
189 132 137 173
190 132 133 177
191 134 149 115
192 134 149 190
193 134 136 190
194 134 134 143
195 134 134 143
196 134 139 115
197 135 149 117
198 135 141 117
199 135 135 180
200 135 135 195
201 135 136 180
202 135 136 195
203 137 149 201
204 137 149 201
205 137 138 202
206 137 141 202
207 137 138 202
208 138 149 121
209 138 149 162
210 138 140 189
211 138 145 121
212 138 142 189
213 138 145 162
214 139 143 207
215 139 140 207
216 140 149 196
217 140 149 196
218 141 149 112
219 141 149 163
220 141 149 163
221 141 149 114
222 141 146 114
223 141 143 215
224 141 142 112
225 141 141 215
226 142 144 206
227 142 145 206
228 143 149 110
229 143 149 110
230 143 149 116
231 143 149 116
232 143 143 212
233 143 144 212
234 143 144 116
235 144 149 118
236 144 149 118
237 145 149 233
238 145 149 233
239 145 145 234
240 145 146 234
241 146 149 211
242 146 149 213
243 146 149 227
244 146 149 227
245 146 149 227
246 146 149 227
247 146 147 211
248 146 147 213
249 146 146 227
250 146 148 213
251 147 149 123
252 147 149 123
253 147 147 240
254 147 148 240
255 148 149 84
256 148 149 84
257 148 149 122
258 148 148 122
259 149 149 250
260 149 149 250
261 149 149 254
262 149 149 254
