0 0 29 0
1 0 29 0
3 0 29 0
4 0 29 0
5 0 29 0
14 0 29 0
17 0 29 0
20 0 29 0
33 0 29 0
49 2 29 0
75 8 29 0
76 8 29 0
89 10 29 0
91 12 29 0
105 13 29 0
116 15 29 0
118 15 29 0
124 17 29 0
126 17 29 0
129 20 29 0
130 20 29 0
155 22 29 0
161 22 29 0
170 22 29 0
180 23 29 0
181 24 29 0
185 24 29 0
186 24 29 0
209 24 29 0
211 24 29 0
212 24 29 0
213 26 29 0
214 26 29 0
215 26 29 0
216 26 29 0
219 26 29 0
220 26 29 0
221 26 29 0
222 26 29 0
230 26 29 0
232 27 29 0
233 27 29 0
234 27 29 0
235 27 29 0
237 27 29 0
238 27 29 0
239 27 29 0
241 27 29 0
242 27 29 0
243 27 29 0
245 27 29 0
246 27 29 0
247 28 29 0
248 28 29 0
249 28 29 0
250 28 29 0
252 28 29 0
258 28 29 0
