0 31
1 32
2 33
3 34
4 35
5 36
6 37
7 38
8 39
9 40
10 41
11 42
12 43
13 44
14 45
15 46
16 47
17 48
18 49
19 50
20 51
21 52
22 53
23 54
24 55
25 56
26 57
27 58
29 60
30 61
31 62
32 63
33 64
34 65
35 66
36 67
37 68
38 69
39 70
40 71
41 72
42 73
43 74
44 75
45 76
46 77
47 78
48 79
49 80
50 81
51 82
52 83
53 84
54 85
55 86
56 87
57 88
58 89
59 90
60 91
61 92
62 93
63 94
64 95
65 96
66 97
67 98
68 99
69 100
70 101
71 102
72 103
73 104
74 105
75 106
76 107
77 108
78 109
79 110
80 111
81 112
82 113
83 114
84 115
85 116
86 117
87 118
88 119
89 120
90 121
91 122
92 123
93 124
94 125
95 126
96 127
97 128
98 129
99 130
100 131
101 132
102 133
103 134
104 135
105 136
106 137
107 138
108 139
109 140
110 141
111 142
112 143
113 144
114 145
115 146
116 147
117 148
118 149
119 150
120 151
121 153
122 154
123 155
124 156
125 157
126 158
127 159
128 160
129 161
130 162
131 163
132 164
133 165
134 166
135 167
136 168
137 169
138 170
139 171
140 172
141 173
142 174
143 175
144 176
145 177
146 178
147 179
148 180
149 181
150 182
151 183
152 184
153 185
154 186
155 187
156 188
157 189
158 190
159 191
160 192
161 193
162 194
163 195
164 196
165 197
166 198
167 199
168 200
169 201
170 202
171 203
172 204
173 205
174 206
175 207
176 208
177 209
178 210
179 211
180 212
181 213
182 214
183 215
184 216
185 217
186 218
187 219
188 220
189 221
190 222
191 223
192 224
193 225
194 226
195 227
196 228
197 229
198 230
199 231
200 232
201 233
202 234
203 235
204 236
205 237
206 238
207 239
208 240
209 241
210 242
211 243
212 244
213 245
214 246
215 247
216 248
217 249
218 250
219 251
220 252
221 253
222 254
223 255
224 256
225 257
226 258
227 259
228 260
229 261
230 262
231 263
232 264
233 265
234 266
235 267
236 268
237 269
238 270
239 271
240 272
241 273
242 274
243 275
244 276
245 277
246 278
248 280
249 281
250 282
251 283
252 284
254 286
255 287
256 288
257 289
258 290
259 291
260 292
261 293
262 294
263 295
264 296
265 297
266 298
267 299
268 300
269 301
270 302
271 303
272 304
273 305
274 306
275 307
276 308
277 309
278 310
279 311
280 312
281 313
282 314
283 315
284 316
285 317
286 318
287 319
288 320
289 321
290 322
291 323
292 324
293 325
294 326
295 327
296 328
297 329
298 330
299 331
300 332
301 333
302 334
303 335
304 336
305 337
306 338
307 339
308 340
309 341
310 342
312 343
313 344
314 345
315 346
316 347
317 348
318 349
319 350
320 351
321 352
322 353
323 354
324 355
325 356
326 357
327 358
328 359
329 360
330 361
331 362
332 363
333 364
334 365
335 366
336 367
337 368
338 369
339 370
340 371
341 372
342 373
343 374
344 375
345 376
346 377
347 378
348 379
349 380
350 381
351 382
352 383
353 384
354 385
355 386
356 387
357 388
358 389
359 390
360 391
361 392
362 393
363 394
364 395
365 396
366 397
367 398
368 399
369 400
370 401
371 402
372 403
373 404
374 405
375 406
376 407
377 408
378 409
379 410
380 411
381 412
382 413
383 414
384 415
385 416
386 417
387 418
388 419
389 420
390 421
391 422
392 423
393 424
394 425
395 426
396 427
397 428
398 429
399 430
400 431
401 432
402 433
403 434
404 435
405 436
406 437
407 438
408 439
409 440
410 441
411 442
412 443
413 444
414 445
415 446
416 447
417 448
418 449
419 450
420 451
421 452
422 453
423 454
424 455
425 456
426 457
427 458
428 459
429 460
430 461
431 462
432 463
433 464
434 465
435 466
436 467
437 468
438 469
439 470
440 471
441 472
442 473
443 474
444 475
445 476
446 477
447 478
448 479
449 480
450 481
451 482
452 483
453 484
454 485
455 486
456 487
457 488
458 489
459 490
460 491
461 492
462 493
463 494
464 495
465 496
466 497
467 499
468 500
469 501
470 502
471 503
472 504
473 505
474 506
475 507
476 508
477 509
478 510
479 511
480 512
481 513
482 514
483 515
484 516
485 517
486 518
487 519
488 520
489 521
490 522
491 523
492 524
493 525
494 526
495 527
496 528
497 529
498 530
499 531
500 532
501 533
502 534
503 535
504 536
505 537
506 538
507 539
508 540
509 541
510 542
511 543
512 544
513 545
514 546
515 547
516 548
517 549
518 550
519 551
520 552
521 553
522 554
523 555
524 556
525 557
526 558
527 559
528 560
529 561
530 562
531 563
532 564
533 565
534 566
535 567
536 568
537 569
538 570
539 571
540 572
541 573
542 574
543 575
544 576
545 577
546 578
547 579
548 580
549 581
550 582
551 583
552 584
553 585
554 586
555 587
556 588
557 589
558 590
559 591
560 592
561 593
562 594
563 595
564 596
565 597
566 598
567 599
568 600
569 601
570 602
571 603
572 604
573 605
574 606
575 607
576 608
577 609
578 610
579 611
580 612
581 613
582 614
583 615
584 616
585 617
586 618
587 619
588 620
589 621
590 622
591 623
592 624
593 625
594 626
595 627
596 628
597 629
598 630
599 631
600 632
601 633
602 634
603 635
604 636
605 637
606 638
607 639
608 640
609 641
610 642
611 643
612 644
613 645
614 646
615 647
616 648
617 649
618 650
619 651
620 652
621 653
622 654
623 655
624 656
625 657
626 658
627 659
628 660
629 661
630 662
631 663
632 664
633 665
634 666
635 667
636 668
637 669
638 670
639 671
640 672
641 673
642 674
643 675
644 676
645 677
646 678
647 679
648 680
649 681
650 682
651 683
652 684
653 685
654 686
655 687
656 688
657 689
658 690
659 691
660 692
661 693
662 694
663 695
664 696
665 697
666 698
667 699
668 700
669 701
670 702
671 703
672 704
673 705
674 706
675 707
676 708
677 709
678 710
679 711
680 712
681 713
682 714
683 715
684 716
685 717
686 718
687 719
688 720
689 721
690 722
691 723
692 724
693 725
694 726
695 727
696 728
697 729
698 730
699 731
700 732
701 733
702 734
703 735
704 736
705 737
706 738
707 739
708 740
709 741
710 742
711 743
712 744
713 745
714 746
715 747
716 748
717 749
718 750
719 751
720 752
721 753
722 754
723 755
724 756
725 757
726 758
727 759
728 760
729 761
730 762
731 763
732 764
733 765
734 766
735 767
736 768
737 769
738 770
739 771
740 772
741 773
742 774
743 775
744 776
745 777
746 778
747 779
748 780
749 781
750 782
751 783
752 784
753 785
754 786
755 787
756 788
757 789
758 790
759 791
760 792
761 793
762 794
763 795
764 796
765 797
766 798
767 799
768 800
769 801
770 802
771 803
772 804
773 805
774 806
775 807
776 808
777 809
778 810
779 811
780 812
781 813
782 814
783 815
784 816
785 817
786 818
787 819
788 820
789 821
790 822
791 823
792 824
793 825
794 826
795 827
796 828
797 829
798 830
799 831
800 832
801 833
802 834
803 835
804 836
805 837
806 838
807 839
808 840
809 841
810 842
811 843
812 844
813 845
814 846
815 847
816 848
817 849
818 850
819 851
820 852
821 853
822 854
823 855
824 856
825 857
826 858
827 859
828 860
829 861
830 862
831 863
832 864
833 865
834 866
835 867
836 868
837 869
838 870
839 871
840 872
841 873
842 874
843 875
844 876
845 877
846 878
847 879
848 880
849 881
850 882
851 883
852 884
853 885
854 886
855 887
856 888
857 889
858 890
859 891
860 892
861 893
862 894
863 895
864 896
865 897
866 898
867 899
868 900
869 901
870 902
871 903
872 904
873 905
874 906
875 907
876 908
877 909
878 910
879 911
880 912
881 913
882 914
883 915
884 916
885 917
886 918
887 919
888 920
889 921
890 922
891 923
892 924
893 925
894 926
895 927
896 928
897 929
898 930
899 931
900 932
901 933
902 934
903 935
904 936
905 937
906 938
907 939
908 940
909 941
910 942
911 943
912 944
913 945
914 946
915 947
916 948
917 949
918 950
