2,10,381.34,43.57,111.01,80.84,1,-1,-1,-1
2,11,307.66,0.00,85.52,60.14,1,-1,-1,-1
3,10,378.67,33.15,113.86,82.91,1,-1,-1,-1
3,11,290.03,0.00,86.10,58.88,1,-1,-1,-1
3,13,268.55,327.54,206.92,448.43,1,-1,-1,-1
3,14,823.49,344.05,76.62,99.88,1,-1,-1,-1
3,17,199.46,186.71,265.87,168.62,1,-1,-1,-1
4,11,277.26,0.00,77.61,53.08,1,-1,-1,-1
4,13,257.80,326.44,214.39,464.62,1,-1,-1,-1
4,14,826.11,351.28,75.51,98.43,1,-1,-1,-1
4,17,300.32,189.95,199.07,113.37,1,-1,-1,-1
5,13,345.55,295.47,222.66,490.27,1,-1,-1,-1
5,17,339.56,187.27,139.38,79.38,1,-1,-1,-1
6,13,389.63,325.44,204.58,460.80,1,-1,-1,-1
6,42,1004.03,422.70,101.26,96.21,1,-1,-1,-1
6,48,436.40,53.19,352.79,65.17,1,-1,-1,-1
6,50,310.92,0.00,214.70,52.39,1,-1,-1,-1
7,13,399.37,361.31,185.96,424.46,1,-1,-1,-1
7,42,977.21,442.29,93.79,87.54,1,-1,-1,-1
7,48,370.89,54.92,519.73,97.50,1,-1,-1,-1
7,50,255.51,0.00,264.39,65.62,1,-1,-1,-1
7,57,-21.40,228.85,807.20,143.27,1,-1,-1,-1
8,13,391.44,318.17,202.55,466.94,1,-1,-1,-1
8,42,975.18,462.56,88.36,82.47,1,-1,-1,-1
8,48,353.17,54.96,587.17,110.15,1,-1,-1,-1
8,50,218.79,0.00,287.73,73.00,1,-1,-1,-1
8,57,85.77,222.87,672.05,119.24,1,-1,-1,-1
9,10,340.70,-0.88,149.37,107.62,1,-1,-1,-1
9,13,431.32,321.02,200.93,463.95,1,-1,-1,-1
9,50,192.45,0.00,311.41,79.01,1,-1,-1,-1
9,57,101.58,224.35,750.79,134.77,1,-1,-1,-1
10,10,292.20,-2.78,165.08,119.58,1,-1,-1,-1
10,13,412.12,329.03,200.43,455.51,1,-1,-1,-1
10,57,21.72,223.49,855.45,156.72,1,-1,-1,-1
11,10,256.94,-3.57,189.92,137.67,1,-1,-1,-1
11,13,401.83,369.77,184.42,414.38,1,-1,-1,-1
11,57,32.28,225.70,820.80,153.30,1,-1,-1,-1
11,83,21.37,259.91,113.84,75.17,1,-1,-1,-1
12,10,244.13,-3.84,198.57,142.45,1,-1,-1,-1
12,13,423.12,365.86,187.17,417.85,1,-1,-1,-1
12,57,80.86,215.76,789.94,148.59,1,-1,-1,-1
12,83,14.66,245.82,130.52,86.41,1,-1,-1,-1
13,10,204.89,-3.61,246.87,180.39,1,-1,-1,-1
13,13,427.04,392.72,173.05,390.78,1,-1,-1,-1
13,57,100.31,210.55,800.42,151.96,1,-1,-1,-1
13,83,11.35,254.87,146.93,97.79,1,-1,-1,-1
14,10,177.69,-3.71,270.48,199.78,1,-1,-1,-1
14,13,433.91,448.16,147.26,335.07,1,-1,-1,-1
14,57,84.11,217.89,720.26,134.61,1,-1,-1,-1
14,83,7.67,255.17,153.25,102.00,1,-1,-1,-1
15,10,140.46,-3.49,289.91,217.70,1,-1,-1,-1
15,13,427.43,534.23,111.00,248.69,1,-1,-1,-1
15,14,972.90,457.88,11.40,14.30,1,-1,-1,-1
15,42,985.03,542.30,21.84,20.13,1,-1,-1,-1
15,57,54.62,220.87,689.04,127.41,1,-1,-1,-1
15,102,738.75,275.44,176.72,117.97,1,-1,-1,-1
16,10,111.11,-3.24,317.33,240.80,1,-1,-1,-1
16,13,434.22,559.30,100.56,225.31,1,-1,-1,-1
16,14,980.75,468.00,14.50,17.94,1,-1,-1,-1
16,42,986.53,554.07,20.60,19.71,1,-1,-1,-1
16,57,7.36,231.55,695.62,129.05,1,-1,-1,-1
16,102,684.47,275.32,188.18,125.19,1,-1,-1,-1
17,10,72.48,-3.06,340.91,262.29,1,-1,-1,-1
17,14,991.87,477.47,10.70,13.23,1,-1,-1,-1
17,42,987.18,567.13,14.41,13.78,1,-1,-1,-1
17,57,-19.94,224.49,729.79,136.37,1,-1,-1,-1
17,102,652.91,267.39,199.76,133.12,1,-1,-1,-1
18,10,51.75,-2.86,349.52,268.60,1,-1,-1,-1
18,57,31.01,234.97,613.60,119.38,1,-1,-1,-1
18,83,5.92,235.88,167.77,110.74,1,-1,-1,-1
18,102,572.78,240.28,250.82,162.87,1,-1,-1,-1
19,10,7.75,14.78,391.07,301.86,1,-1,-1,-1
19,13,523.24,686.39,42.09,95.84,1,-1,-1,-1
19,57,23.54,240.53,878.62,174.10,1,-1,-1,-1
19,83,3.77,233.86,172.75,114.03,1,-1,-1,-1
19,102,526.93,230.53,267.72,173.85,1,-1,-1,-1
20,10,7.52,27.77,355.06,270.11,1,-1,-1,-1
20,13,540.38,719.41,27.84,63.38,1,-1,-1,-1
20,57,-0.03,252.95,918.56,182.51,1,-1,-1,-1
21,10,27.26,36.43,303.00,220.95,1,-1,-1,-1
21,57,-32.12,233.79,976.17,195.84,1,-1,-1,-1
22,10,57.04,51.03,273.81,185.78,1,-1,-1,-1
22,57,-47.68,223.38,1035.17,209.78,1,-1,-1,-1
23,10,54.52,75.92,222.56,140.89,1,-1,-1,-1
23,57,-9.77,230.25,969.09,195.44,1,-1,-1,-1
24,10,46.84,79.61,214.41,135.73,1,-1,-1,-1
24,57,-2.62,235.72,969.45,195.29,1,-1,-1,-1
25,57,-43.11,211.94,1058.22,215.75,1,-1,-1,-1
25,185,399.85,-0.38,93.48,92.58,1,-1,-1,-1
25,191,997.68,207.21,111.08,259.20,1,-1,-1,-1
26,57,-7.42,219.19,881.45,178.63,1,-1,-1,-1
26,185,405.11,-5.08,86.74,85.91,1,-1,-1,-1
26,191,983.45,223.28,117.27,273.64,1,-1,-1,-1
27,57,-12.07,185.34,840.76,170.92,1,-1,-1,-1
28,57,0.64,191.36,783.55,158.84,1,-1,-1,-1
28,213,739.69,168.03,352.09,289.77,1,-1,-1,-1
29,57,-45.15,156.84,903.12,185.74,1,-1,-1,-1
29,213,756.23,125.07,361.39,301.11,1,-1,-1,-1
30,57,-108.77,119.91,973.03,206.18,1,-1,-1,-1
30,213,745.22,95.38,387.50,322.87,1,-1,-1,-1
31,10,84.90,125.71,11.65,7.32,1,-1,-1,-1
31,57,-162.77,83.74,1043.76,229.44,1,-1,-1,-1
32,10,86.30,131.38,-10.93,-6.87,1,-1,-1,-1
32,57,-160.65,69.25,1065.34,241.24,1,-1,-1,-1
32,185,477.81,61.66,10.22,10.13,1,-1,-1,-1
32,251,758.74,4.04,170.34,285.30,1,-1,-1,-1
33,57,-96.10,107.59,913.60,209.52,1,-1,-1,-1
33,185,488.27,68.98,-1.08,-1.07,1,-1,-1,-1
33,251,716.93,11.23,152.38,250.76,1,-1,-1,-1
34,57,-74.75,121.21,837.67,195.19,1,-1,-1,-1
34,251,691.27,24.46,131.63,210.77,1,-1,-1,-1
35,57,-72.97,122.29,794.24,188.59,1,-1,-1,-1
35,251,666.67,58.90,102.25,155.63,1,-1,-1,-1
36,57,-84.92,96.09,816.11,198.17,1,-1,-1,-1
36,251,650.05,68.03,83.61,127.26,1,-1,-1,-1
37,57,-97.46,90.58,797.70,199.02,1,-1,-1,-1
37,191,764.33,204.78,104.39,238.74,1,-1,-1,-1
38,57,-84.60,104.56,729.26,186.09,1,-1,-1,-1
38,191,745.73,207.01,104.69,239.44,1,-1,-1,-1
39,57,-101.53,141.66,701.51,184.93,1,-1,-1,-1
39,319,684.86,0.00,295.82,89.34,1,-1,-1,-1
40,57,-157.43,144.44,851.74,233.86,1,-1,-1,-1
40,83,86.45,191.99,13.22,8.53,1,-1,-1,-1
40,319,704.34,0.00,347.58,105.58,1,-1,-1,-1
40,350,572.10,364.81,291.97,143.62,1,-1,-1,-1
41,57,-141.43,185.35,847.84,240.10,1,-1,-1,-1
41,83,90.35,190.00,5.70,3.68,1,-1,-1,-1
41,319,628.29,0.00,428.01,132.49,1,-1,-1,-1
41,350,538.76,383.26,277.60,134.77,1,-1,-1,-1
42,57,-94.20,209.94,788.75,227.19,1,-1,-1,-1
42,319,596.70,0.00,508.51,160.30,1,-1,-1,-1
42,350,449.60,371.95,318.20,153.79,1,-1,-1,-1
43,57,-8.08,223.71,643.66,182.06,1,-1,-1,-1
43,319,642.58,0.00,501.39,160.38,1,-1,-1,-1
43,350,391.99,355.11,358.23,174.56,1,-1,-1,-1
43,395,432.11,76.40,146.98,91.49,1,-1,-1,-1
44,57,-20.97,224.33,668.36,190.58,1,-1,-1,-1
44,251,436.50,227.52,7.49,11.38,1,-1,-1,-1
44,319,641.28,8.72,491.33,160.31,1,-1,-1,-1
44,350,346.01,321.30,342.42,166.93,1,-1,-1,-1
44,395,424.03,78.18,129.72,80.92,1,-1,-1,-1
45,57,-25.18,229.98,672.29,191.70,1,-1,-1,-1
45,251,411.72,245.41,-3.77,-5.73,1,-1,-1,-1
45,319,592.22,3.51,515.93,173.53,1,-1,-1,-1
45,350,311.43,312.27,316.80,153.41,1,-1,-1,-1
45,395,398.99,78.49,170.54,107.75,1,-1,-1,-1
46,319,588.32,1.45,568.33,197.08,1,-1,-1,-1
46,350,302.43,296.73,296.03,140.99,1,-1,-1,-1
46,395,423.52,69.89,168.30,108.63,1,-1,-1,-1
47,319,576.19,9.01,564.01,202.99,1,-1,-1,-1
47,350,219.81,291.45,261.16,119.63,1,-1,-1,-1
47,395,391.42,84.52,175.19,116.39,1,-1,-1,-1
