1 0 37 0
2 0 18 0
3 0 18 0
4 0 24 0
5 0 29 0
6 0 13 0
7 0 26 0
8 0 47 0
9 14 14 6
10 14 15 6
11 16 18 10
12 16 18 10
13 19 23 3
14 19 37 3
15 19 73 12
16 19 79 12
17 24 24 13
18 24 25 13
19 25 41 4
20 25 82 4
21 26 37 18
22 26 37 18
23 27 27 7
24 27 28 7
25 29 37 24
26 29 37 24
27 30 84 5
28 30 41 5
29 38 41 22
30 38 38 14
31 38 41 22
32 38 39 14
33 38 85 26
34 38 50 26
35 40 41 0
36 40 54 32
37 40 92 32
38 42 85 28
39 42 83 31
40 42 82 31
41 42 83 28
42 48 50 0
43 48 49 0
44 48 60 8
45 48 113 8
46 49 50 0
47 49 50 0
48 49 50 0
49 49 49 0
50 50 50 49
51 50 50 49
52 51 51 34
53 51 51 34
54 51 53 34
55 52 53 0
56 52 53 0
57 54 54 54
58 54 87 0
59 54 55 54
60 55 55 36
61 55 95 36
62 56 57 59
63 56 58 59
64 59 59 63
65 59 61 63
66 61 61 44
67 61 65 44
68 62 65 0
69 62 62 65
70 62 85 65
71 66 66 67
72 66 102 67
73 67 80 0
74 74 149 15
75 74 94 15
76 78 86 0
77 80 90 0
78 80 80 16
79 80 81 16
80 82 83 79
81 82 84 79
82 83 86 20
83 83 85 20
84 83 94 40
85 83 94 40
86 84 94 39
87 84 94 41
88 84 89 39
89 84 84 41
90 85 89 81
91 85 94 89
92 85 85 89
93 85 90 81
94 86 94 83
95 86 94 33
96 86 94 70
97 86 94 70
98 86 86 92
99 86 147 83
100 86 87 92
101 86 94 33
102 87 94 82
103 87 94 82
104 88 90 58
105 88 88 100
106 88 95 58
107 88 89 100
108 90 149 107
109 90 94 107
110 90 91 88
111 90 97 88
112 91 93 93
113 91 94 93
114 93 114 37
115 93 108 37
116 95 143 113
117 95 141 0
118 95 113 84
119 95 109 103
120 95 108 113
121 95 107 85
122 95 105 0
123 95 104 113
124 95 97 84
125 95 96 85
126 95 142 102
127 95 99 84
128 95 140 103
129 95 99 102
130 95 140 91
131 95 133 91
132 95 142 101
133 95 134 101
134 96 110 61
135 96 97 106
136 96 137 106
137 96 147 61
138 98 146 111
139 98 108 111
140 100 100 129
141 100 100 127
142 100 100 127
143 100 110 129
144 101 113 142
145 101 102 0
146 101 102 0
147 101 116 142
148 103 111 0
149 103 103 72
150 103 104 72
151 104 116 0
152 105 149 150
153 105 149 150
154 106 123 0
155 107 112 0
156 107 143 0
157 109 112 139
158 109 122 139
159 109 133 115
160 109 112 115
161 111 115 143
162 111 117 143
163 112 119 0
164 113 114 160
165 113 114 0
166 113 117 160
167 114 149 45
168 114 149 45
169 115 116 114
170 115 117 114
171 117 117 147
172 117 127 147
173 118 149 171
174 118 149 162
175 118 120 171
176 118 119 0
177 118 119 166
178 118 118 170
179 118 137 171
180 118 140 162
181 118 119 170
182 118 130 166
183 120 122 181
184 120 127 181
185 123 123 158
186 123 124 158
187 124 126 0
188 124 126 154
189 124 124 154
190 125 129 0
191 125 127 186
192 125 131 186
193 128 128 172
194 128 128 184
195 128 131 172
196 128 129 184
197 128 130 0
198 130 130 196
199 130 134 196
200 131 136 197
201 131 134 182
202 131 133 182
203 131 132 197
204 132 149 195
205 132 149 0
206 132 132 192
207 132 137 192
208 132 133 195
209 134 149 131
210 134 149 208
211 134 136 208
212 134 134 159
213 134 134 159
214 134 139 131
215 135 149 133
216 135 141 133
217 135 135 199
218 135 135 213
219 135 136 199
220 135 136 213
221 137 149 219
222 137 149 219
223 137 138 220
224 137 141 220
225 137 138 220
226 138 149 136
227 138 149 179
228 138 140 207
229 138 145 136
230 138 142 207
231 138 145 179
232 139 143 225
233 139 140 225
234 140 149 214
235 140 149 214
236 141 149 128
237 141 149 180
238 141 149 180
239 141 149 130
240 141 146 130
241 141 143 233
242 141 142 128
243 141 141 233
244 142 144 224
245 142 145 224
246 143 149 126
247 143 149 126
248 143 149 132
249 143 149 132
250 143 143 230
251 143 144 230
252 143 144 132
253 144 149 156
254 144 149 156
255 145 149 251
256 145 149 251
257 145 145 252
258 145 146 252
259 146 149 229
260 146 149 231
261 146 149 245
262 146 149 245
263 146 149 245
264 146 149 245
265 146 147 229
266 146 147 231
267 146 146 245
268 146 148 231
269 147 149 138
270 147 149 138
271 147 147 258
272 147 148 258
273 148 149 99
274 148 149 99
275 148 149 137
276 148 148 137
277 149 149 268
278 149 149 268
279 149 149 272
280 149 149 272
