233 0 27 0
244 0 28 0
114 0 14 0
472 0 46 0
295 0 32 0
370 0 38 0
197 0 23 0
206 0 24 0
871 15 72 114
888 15 73 114
1060 24 82 197
1002 24 79 197
1061 25 82 206
1062 25 82 206
1104 28 84 233
266 28 29 233
1106 29 84 244
1066 29 82 244
1154 31 86 0
369 37 38 0
569 39 52 370
1396 39 95 370
1622 47 103 472
1594 47 102 472
1155 49 86 0
1342 53 93 569
1028 61 80 0
1344 70 93 0
2474 73 130 871
2317 73 125 871
2506 74 131 888
2507 74 131 888
2692 80 136 1002
2576 80 133 1002
2814 81 139 1028
2655 83 135 1060
2902 83 141 1060
2543 83 132 1061
2514 83 131 1061
2775 83 138 1062
2858 83 140 1062
2817 83 139 1066
2859 83 140 1066
2584 85 133 1104
2949 85 142 1104
2780 85 138 1106
3255 85 148 1106
2951 87 142 1154
3049 87 144 1154
2953 87 142 1155
3306 94 149 1342
3307 94 149 1342
3258 96 148 1396
3308 96 149 1396
2124 100 118 0
3309 103 149 1594
3310 103 149 1594
3311 104 149 1622
3312 104 149 1622
3313 106 149 0
3314 126 149 2317
2410 126 127 2317
2505 129 130 0
3315 131 149 2474
3316 131 149 2474
3317 132 149 2506
3318 132 149 2506
3319 132 149 2507
3320 132 149 2507
3321 132 149 2514
3322 132 149 2514
2651 132 134 2506
3358 132 149 2506
3323 133 149 2543
3324 133 149 2543
3325 134 149 2576
3326 134 149 2576
3327 134 149 2584
3328 134 149 2584
3329 136 149 2655
3330 136 149 2655
3331 137 149 2692
3332 137 149 2692
3333 139 149 2775
3334 139 149 2775
3335 139 149 2780
3336 139 149 2780
3337 140 149 2814
3237 140 147 2814
3338 140 149 2817
3339 140 149 2817
3340 141 149 2858
3341 141 149 2858
3342 141 149 2859
3343 141 149 2859
3344 142 149 2902
3345 142 149 2902
3346 143 149 2949
3347 143 149 2949
3348 143 149 2951
3349 143 149 2951
3350 143 149 2953
3351 143 149 2953
3352 145 149 3049
3353 145 149 3049
3354 149 149 3255
3355 149 149 3255
3356 149 149 3258
3357 149 149 3258
