1 0 37 0
2 0 18 0
3 0 18 0
4 0 18 0
5 0 23 0
6 0 26 0
7 0 47 0
8 0 13 0
9 14 14 8
10 14 15 8
11 16 18 10
12 16 79 10
13 19 24 0
14 19 37 0
15 19 29 0
16 19 73 0
17 24 24 5
18 24 25 5
19 25 41 13
20 25 82 13
21 26 41 18
22 26 83 18
23 27 27 6
24 27 28 6
25 29 37 24
26 29 37 24
27 30 83 15
28 30 85 15
29 38 41 26
30 38 38 14
31 38 39 14
32 38 85 26
33 40 41 0
34 40 95 31
35 40 92 31
36 42 85 0
37 42 82 0
38 42 50 0
39 48 50 0
40 48 49 0
41 48 60 7
42 48 113 7
43 49 50 0
44 49 50 0
45 49 50 0
46 49 49 0
47 50 50 46
48 50 50 46
49 51 51 38
50 51 53 38
51 52 53 0
52 52 53 0
53 54 54 50
54 54 87 0
55 54 55 50
56 56 57 55
57 56 58 55
58 59 59 57
59 59 61 57
60 61 61 41
61 61 102 41
62 62 65 0
63 62 62 59
64 62 85 59
65 67 77 0
66 74 94 16
67 74 94 16
68 78 86 0
69 78 80 0
70 80 90 0
71 80 80 12
72 80 81 12
73 82 83 72
74 82 84 72
75 83 107 37
76 83 97 37
77 83 86 20
78 83 85 20
79 84 94 22
80 84 94 27
81 84 89 22
82 84 94 27
83 85 89 74
84 85 90 74
85 86 94 78
86 86 94 32
87 86 94 64
88 86 94 64
89 86 86 28
90 86 147 78
91 86 94 32
92 86 87 28
93 87 94 77
94 87 94 77
95 88 94 54
96 88 90 54
97 88 88 92
98 88 89 92
99 90 94 98
100 90 94 98
101 90 91 81
102 90 97 81
103 91 93 84
104 91 94 84
105 93 114 35
106 93 108 35
107 95 149 0
108 95 149 0
109 95 143 104
110 95 141 0
111 95 113 0
112 95 109 94
113 95 108 0
114 95 105 0
115 95 104 104
116 95 96 0
117 95 95 0
118 95 142 93
119 95 100 0
120 95 140 94
121 95 99 93
122 95 140 82
123 95 133 82
124 95 142 91
125 95 134 91
126 96 110 34
127 96 97 117
128 96 137 117
129 96 147 34
130 98 146 102
131 98 108 102
132 100 100 121
133 100 110 121
134 101 113 119
135 101 102 0
136 101 102 0
137 101 116 119
138 103 111 0
139 103 103 61
140 103 104 61
141 104 116 0
142 105 149 140
143 105 149 140
144 106 123 0
145 107 112 0
146 107 143 0
147 109 112 131
148 109 122 131
149 109 133 106
150 109 117 106
151 111 115 133
152 111 117 133
153 112 119 0
154 113 114 0
155 113 114 0
156 114 149 42
157 114 149 42
158 115 116 105
159 115 117 105
160 117 117 137
161 117 127 137
162 118 149 160
163 118 149 152
164 118 120 160
165 118 119 0
166 118 119 150
167 118 118 159
168 118 137 160
169 118 140 152
170 118 119 159
171 118 130 150
172 120 122 170
173 120 127 170
174 123 123 148
175 123 124 148
176 124 126 0
177 124 126 144
178 124 124 144
179 125 129 0
180 125 127 175
181 125 131 175
182 128 128 161
183 128 128 173
184 128 131 161
185 128 129 173
186 128 130 0
187 130 130 185
188 130 134 185
189 131 136 186
190 131 134 171
191 131 133 171
192 131 132 186
193 132 149 184
194 132 149 0
195 132 132 181
196 132 137 181
197 132 133 184
198 134 149 123
199 134 149 197
200 134 136 197
201 134 134 149
202 134 134 149
203 134 139 123
204 135 149 125
205 135 141 125
206 135 135 188
207 135 135 202
208 135 136 188
209 135 136 202
210 137 149 208
211 137 149 208
212 137 138 0
213 137 141 209
214 137 138 209
215 138 149 128
216 138 149 168
217 138 140 196
218 138 145 128
219 138 142 196
220 138 145 168
221 139 143 214
222 139 140 214
223 140 149 203
224 140 149 203
225 141 149 120
226 141 149 169
227 141 149 169
228 141 149 122
229 141 146 122
230 141 143 222
231 141 142 120
232 141 141 222
233 142 144 213
234 142 145 213
235 143 149 118
236 143 149 118
237 143 149 124
238 143 149 124
239 143 143 219
240 143 144 219
241 143 144 124
242 144 149 146
243 144 149 146
244 145 149 240
245 145 149 240
246 145 145 241
247 145 146 241
248 146 149 218
249 146 149 220
250 146 149 234
251 146 149 234
252 146 149 234
253 146 149 234
254 146 147 218
255 146 147 220
256 146 148 220
257 147 149 130
258 147 149 130
259 147 147 247
260 147 148 247
261 148 149 90
262 148 149 90
263 148 149 129
264 148 148 129
265 149 149 256
266 149 149 256
267 149 149 260
268 149 149 260
