1 1 7
1 2 8
1 3 8
1 4 3
1 6 7
1 7 8
1 8 8
1 10 8
2 1 7
2 2 2
2 3 7
2 4 3
2 6 7
2 7 7
2 8 8
2 10 10
3 1 4
3 2 2
3 3 4
3 4 6
3 6 6
3 7 4
3 8 2
3 10 4
4 1 4
4 2 2
4 3 4
4 4 6
4 6 6
4 7 4
4 8 2
4 10 10
5 1 4
5 2 2
5 3 7
5 4 6
5 6 6
5 7 4
5 8 2
5 10 10
6 1 4
6 2 2
6 3 4
6 4 6
6 6 6
6 7 4
6 8 2
6 10 10
7 1 4
7 2 2
7 3 4
7 4 6
7 6 6
7 7 4
7 8 8
7 10 10
8 1 4
8 2 2
8 3 3
8 4 6
8 6 6
8 7 4
8 8 2
8 10 10
9 1 4
9 2 2
9 3 3
9 4 6
9 6 6
9 7 4
9 8 2
9 10 10
10 1 4
10 2 2
10 3 4
10 4 6
10 6 6
10 7 4
10 8 2
10 10 10
11 1 1
11 2 2
11 3 3
11 4 6
11 6 6
11 7 4
11 8 8
11 10 10
12 1 1
12 2 2
12 3 7
12 4 6
12 6 6
12 7 7
12 8 8
12 10 10
13 1 1
13 2 2
13 3 7
13 4 6
13 6 6
13 7 7
13 8 8
13 10 10
14 1 1
14 2 2
14 3 7
14 4 6
14 6 6
14 7 7
14 8 8
14 10 10
15 1 1
15 2 2
15 4 6
15 6 6
15 7 4
15 8 6
15 10 10
15 11 4
15 12 4
16 1 1
16 2 6
16 4 6
16 6 6
16 7 4
16 8 6
16 10 10
16 11 10
16 12 1
17 1 1
17 2 6
17 4 6
17 6 6
17 7 4
17 8 6
17 10 10
17 11 12
17 12 12
18 1 1
18 2 2
18 4 4
18 6 6
18 7 7
18 8 8
18 10 10
18 11 11
18 12 12
19 1 1
19 2 2
19 4 4
19 6 6
19 7 7
19 8 8
19 10 10
19 11 11
19 12 12
20 1 1
20 2 2
20 4 4
20 6 6
20 7 7
20 8 4
20 10 10
20 11 11
20 12 12
21 1 1
21 2 2
21 4 4
21 6 6
21 7 7
21 8 8
21 10 10
21 11 12
21 12 12
22 1 1
22 2 2
22 4 4
22 6 6
22 7 7
22 8 8
22 10 10
22 11 10
22 12 12
23 1 1
23 2 2
23 4 4
23 6 6
23 7 7
23 8 8
23 10 10
23 11 10
23 12 10
24 1 1
24 2 2
24 4 4
24 6 6
24 7 7
24 10 10
24 11 10
24 12 10
24 13 8
24 14 8
25 1 7
25 2 2
25 4 4
25 6 6
25 7 7
25 11 10
25 12 10
25 13 14
25 14 2
25 15 10
25 16 10
26 1 1
26 2 2
26 4 4
26 6 6
26 7 7
26 11 11
26 12 11
26 13 2
26 14 2
26 15 15
26 16 15
27 1 1
27 2 2
27 4 4
27 6 6
27 7 4
27 11 11
27 12 12
27 13 2
27 14 2
27 15 16
27 16 16
28 2 2
28 4 4
28 6 6
28 7 7
28 11 11
28 12 12
28 13 13
28 14 2
28 15 15
28 16 15
28 17 1
28 18 1
29 4 6
29 6 6
29 7 7
29 11 11
29 12 12
29 13 2
29 14 2
29 15 15
29 16 16
29 17 17
29 18 17
29 19 2
29 20 2
30 4 4
30 6 6
30 7 7
30 11 11
30 12 12
30 13 13
30 14 14
30 15 15
30 16 16
30 17 17
30 18 17
30 19 19
30 20 14
31 4 6
31 6 6
31 7 7
31 11 11
31 12 12
31 13 20
31 14 19
31 15 15
31 16 16
31 17 17
31 18 18
31 19 19
31 20 19
32 4 4
32 6 6
32 7 7
32 11 11
32 12 12
32 13 13
32 14 14
32 15 15
32 16 15
32 17 17
32 18 18
32 19 19
32 20 20
33 4 4
33 6 6
33 7 7
33 11 11
33 12 12
33 13 13
33 14 14
33 15 15
33 16 15
33 17 18
33 18 18
33 19 19
33 20 20
34 4 4
34 6 6
34 7 7
34 11 11
34 12 11
34 13 13
34 14 14
34 15 15
34 16 16
34 17 17
34 18 17
34 19 19
34 20 20
35 4 4
35 6 6
35 7 7
35 11 12
35 12 12
35 13 13
35 14 14
35 15 15
35 16 16
35 17 17
35 18 17
35 19 19
35 20 20
36 4 4
36 6 6
36 7 7
36 11 11
36 12 12
36 13 13
36 14 14
36 15 15
36 16 16
36 17 17
36 18 18
36 19 19
36 20 20
37 4 4
37 6 6
37 7 7
37 11 11
37 12 11
37 13 13
37 14 14
37 15 15
37 16 15
37 17 17
37 18 18
37 19 19
37 20 20
38 4 4
38 6 6
38 7 7
38 11 11
38 12 12
38 13 13
38 14 14
38 15 15
38 16 16
38 17 17
38 18 18
38 19 19
38 20 20
39 4 4
39 11 11
39 12 12
39 13 13
39 14 14
39 15 15
39 16 16
39 17 17
39 18 17
39 19 19
39 20 20
39 25 7
39 26 7
40 4 4
40 11 12
40 12 25
40 13 13
40 14 14
40 15 16
40 16 16
40 17 17
40 18 17
40 19 19
40 20 19
40 25 26
40 26 26
41 4 4
41 11 11
41 12 12
41 13 13
41 14 13
41 15 15
41 16 16
41 17 17
41 18 18
41 19 19
41 20 20
41 25 25
41 26 26
42 4 4
42 11 11
42 12 12
42 13 13
42 14 14
42 15 15
42 16 16
42 17 17
42 18 18
42 19 19
42 20 20
42 25 25
42 26 26
43 4 4
43 11 11
43 12 12
43 13 13
43 14 14
43 15 15
43 16 16
43 17 17
43 18 18
43 19 19
43 20 20
43 25 25
43 26 26
44 4 4
44 11 11
44 12 12
44 13 13
44 14 14
44 15 15
44 16 16
44 17 18
44 18 18
44 19 19
44 20 20
44 25 25
44 26 26
45 4 4
45 11 11
45 12 12
45 13 13
45 14 14
45 15 15
45 16 16
45 17 17
45 18 18
45 19 19
45 20 20
45 25 25
45 26 26
46 4 4
46 11 11
46 12 12
46 13 13
46 14 14
46 15 15
46 16 16
46 17 17
46 18 18
46 19 19
46 20 20
46 25 25
46 26 26
47 11 11
47 12 12
47 13 13
47 14 14
47 15 15
47 16 16
47 17 18
47 18 18
47 19 19
47 20 20
47 25 25
47 26 26
47 29 4
47 30 4
48 11 11
48 12 11
48 13 13
48 14 14
48 15 15
48 16 15
48 17 17
48 18 17
48 19 19
48 20 20
48 25 11
48 26 25
48 29 30
48 30 30
49 11 11
49 12 11
49 13 13
49 14 14
49 15 15
49 16 15
49 17 18
49 18 18
49 19 19
49 20 20
49 21 16
49 25 25
49 26 26
49 29 29
49 30 30
50 11 11
50 12 25
50 13 13
50 14 14
50 15 15
50 16 16
50 17 17
50 18 17
50 19 19
50 20 20
50 21 21
50 25 25
50 26 26
50 29 30
50 30 30
51 11 11
51 12 12
51 13 13
51 14 13
51 15 15
51 16 16
51 17 17
51 18 18
51 19 20
51 20 14
51 21 21
51 25 25
51 26 26
51 29 30
51 30 30
52 11 11
52 12 12
52 13 13
52 14 14
52 15 15
52 16 16
52 17 18
52 18 18
52 19 19
52 20 20
52 21 21
52 25 25
52 26 26
52 29 30
52 30 30
53 11 11
53 12 12
53 13 13
53 14 14
53 15 15
53 16 16
53 17 18
53 18 18
53 19 19
53 20 20
53 21 21
53 25 25
53 26 26
53 29 30
53 30 30
54 11 11
54 12 12
54 13 13
54 14 14
54 15 15
54 16 16
54 17 18
54 18 18
54 19 19
54 20 20
54 21 21
54 25 25
54 26 26
54 29 30
54 30 30
55 11 11
55 12 12
55 13 13
55 14 14
55 15 15
55 16 16
55 17 18
55 18 18
55 19 19
55 20 20
55 21 21
55 25 25
55 26 26
55 29 30
55 30 30
56 11 11
56 12 12
56 13 13
56 14 14
56 15 15
56 16 15
56 17 17
56 18 18
56 19 19
56 20 20
56 21 21
56 25 25
56 26 25
56 29 30
56 30 30
57 11 11
57 12 12
57 13 13
57 14 14
57 15 15
57 16 16
57 17 18
57 18 17
57 19 19
57 20 20
57 21 21
57 25 25
57 26 26
57 29 30
57 30 30
58 11 11
58 12 12
58 13 13
58 14 14
58 15 15
58 16 15
58 17 17
58 18 18
58 19 19
58 20 20
58 21 21
58 25 25
58 26 26
58 29 29
58 30 30
59 11 11
59 12 12
59 13 13
59 14 14
59 15 16
59 16 16
59 17 17
59 18 17
59 19 19
59 20 20
59 21 21
59 25 25
59 26 26
59 29 30
59 30 30
60 11 11
60 12 12
60 13 13
60 14 14
60 15 15
60 16 16
60 17 17
60 18 17
60 19 19
60 20 20
60 21 21
60 22 21
60 25 25
60 26 26
60 29 30
60 30 30
61 11 11
61 12 12
61 13 13
61 14 14
61 15 15
61 16 16
61 17 18
61 18 18
61 19 19
61 20 19
61 21 21
61 22 21
61 25 26
61 26 26
61 29 30
61 30 30
62 11 11
62 12 12
62 13 13
62 14 14
62 15 15
62 16 16
62 17 17
62 18 17
62 19 19
62 20 20
62 21 21
62 22 22
62 25 25
62 26 26
62 29 30
62 30 30
63 11 11
63 12 12
63 13 13
63 14 14
63 15 15
63 16 16
63 17 17
63 18 17
63 19 19
63 20 20
63 21 21
63 22 22
63 25 25
63 26 26
63 29 30
63 30 30
64 11 11
64 12 12
64 13 13
64 14 14
64 15 15
64 16 16
64 17 17
64 18 18
64 19 19
64 20 20
64 21 21
64 22 22
64 25 25
64 26 26
64 29 30
64 30 30
65 11 11
65 12 12
65 13 13
65 14 14
65 15 15
65 16 16
65 17 17
65 18 17
65 19 19
65 20 20
65 21 21
65 22 22
65 25 25
65 26 26
65 29 30
65 30 30
66 11 11
66 12 12
66 13 13
66 14 14
66 15 15
66 16 16
66 17 17
66 18 18
66 19 19
66 20 20
66 21 21
66 22 22
66 25 25
66 26 26
66 29 30
66 30 30
67 11 11
67 12 12
67 13 13
67 14 14
67 15 15
67 16 16
67 17 17
67 18 17
67 19 19
67 20 20
67 21 21
67 22 22
67 25 25
67 26 26
67 29 29
67 30 30
68 11 11
68 12 12
68 13 13
68 14 14
68 15 15
68 16 16
68 17 17
68 18 18
68 19 19
68 20 20
68 21 21
68 22 22
68 25 25
68 26 26
68 29 29
68 30 30
69 11 11
69 12 12
69 13 13
69 14 14
69 15 15
69 16 16
69 17 17
69 18 18
69 19 19
69 20 20
69 21 21
69 22 22
69 25 25
69 26 26
69 28 29
69 29 29
69 30 30
70 11 11
70 12 12
70 13 13
70 14 14
70 15 15
70 16 16
70 17 17
70 18 17
70 19 19
70 20 20
70 21 21
70 22 21
70 25 25
70 26 26
70 28 28
70 29 29
70 30 30
71 11 11
71 12 12
71 13 13
71 14 14
71 15 15
71 16 16
71 17 17
71 18 18
71 19 20
71 20 14
71 21 22
71 22 22
71 25 25
71 26 26
71 28 28
71 29 30
71 30 30
72 11 11
72 12 12
72 13 13
72 14 14
72 15 15
72 16 16
72 17 17
72 18 18
72 19 19
72 20 14
72 21 21
72 22 22
72 25 12
72 26 26
72 28 28
72 29 29
72 30 29
73 12 12
73 13 13
73 14 14
73 15 15
73 16 16
73 17 17
73 18 18
73 19 19
73 20 20
73 21 21
73 22 22
73 25 25
73 26 26
73 28 28
73 29 29
73 30 30
73 31 11
73 32 11
74 13 13
74 14 14
74 15 15
74 16 16
74 17 17
74 18 17
74 19 20
74 20 20
74 21 21
74 22 22
74 25 25
74 26 26
74 28 28
74 29 29
74 30 29
74 31 32
74 32 32
74 33 25
74 34 12
75 13 13
75 14 14
75 15 15
75 16 16
75 17 17
75 18 18
75 19 19
75 20 20
75 21 21
75 22 22
75 25 25
75 26 26
75 28 28
75 29 29
75 30 30
75 31 31
75 32 32
75 33 33
75 34 34
76 13 13
76 14 14
76 15 15
76 16 16
76 17 17
76 18 18
76 19 19
76 20 20
76 21 21
76 22 22
76 25 25
76 26 26
76 28 28
76 29 29
76 30 30
76 31 31
76 32 32
76 33 33
76 34 34
77 13 13
77 14 14
77 15 15
77 16 16
77 17 17
77 18 18
77 19 19
77 20 20
77 21 21
77 22 22
77 25 25
77 26 26
77 28 28
77 29 29
77 30 30
77 31 31
77 32 32
77 33 33
77 34 34
78 13 13
78 14 14
78 15 15
78 16 16
78 17 17
78 18 18
78 19 19
78 20 20
78 21 21
78 22 22
78 25 25
78 26 26
78 28 28
78 29 30
78 30 30
78 31 31
78 32 32
78 33 33
78 34 34
79 13 13
79 14 14
79 15 15
79 16 16
79 17 17
79 18 18
79 19 19
79 20 20
79 21 21
79 22 22
79 25 25
79 26 26
79 28 28
79 29 29
79 30 30
79 31 31
79 32 32
79 33 33
79 34 34
80 13 13
80 15 15
80 16 16
80 17 17
80 18 18
80 19 19
80 20 20
80 21 21
80 22 22
80 25 25
80 26 26
80 28 28
80 29 29
80 30 29
80 31 31
80 32 32
80 33 33
80 34 34
80 35 14
80 36 14
81 13 13
81 15 15
81 16 16
81 17 17
81 18 18
81 19 19
81 20 20
81 21 21
81 25 33
81 26 26
81 28 28
81 29 29
81 30 30
81 31 31
81 32 32
81 33 33
81 34 34
81 35 35
81 36 36
81 38 22
82 13 13
82 15 15
82 16 16
82 17 17
82 18 18
82 19 19
82 20 19
82 21 21
82 25 25
82 26 26
82 28 28
82 29 30
82 30 30
82 31 31
82 32 32
82 33 33
82 34 34
82 35 36
82 36 20
82 38 38
83 17 17
83 18 18
83 19 19
83 21 21
83 25 25
83 26 26
83 28 28
83 29 30
83 30 30
83 31 31
83 32 32
83 33 33
83 34 34
83 35 35
83 36 36
83 38 38
83 39 13
83 40 13
83 41 15
83 42 15
83 43 16
83 44 16
83 45 36
83 46 19
84 17 17
84 18 18
84 19 19
84 21 21
84 25 25
84 26 26
84 28 28
84 29 29
84 30 30
84 31 31
84 32 32
84 33 33
84 34 34
84 35 35
84 36 46
84 38 38
84 39 40
84 40 40
84 41 41
84 42 42
84 43 43
84 44 44
84 45 46
84 46 19
85 18 18
85 21 21
85 25 25
85 26 26
85 28 28
85 29 30
85 30 30
85 31 31
85 32 32
85 33 33
85 34 34
85 35 35
85 36 36
85 38 21
85 39 39
85 40 40
85 41 41
85 42 42
85 43 43
85 44 43
85 45 45
85 46 19
85 47 18
85 48 17
85 49 19
85 50 19
86 18 47
86 21 21
86 25 25
86 26 26
86 28 28
86 29 30
86 30 30
86 31 31
86 32 32
86 33 33
86 34 34
86 35 35
86 36 36
86 38 38
86 39 39
86 40 40
86 41 41
86 42 42
86 43 43
86 44 44
86 45 45
86 46 46
86 47 47
86 48 48
86 49 49
86 50 50
87 25 25
87 26 26
87 28 28
87 29 30
87 30 30
87 31 31
87 32 32
87 33 25
87 34 34
87 35 35
87 36 45
87 38 38
87 39 39
87 40 40
87 41 41
87 42 42
87 43 43
87 44 44
87 45 45
87 46 49
87 47 48
87 48 48
87 49 49
87 50 50
87 51 47
87 52 18
87 54 21
88 25 33
88 26 26
88 28 28
88 29 30
88 30 30
88 31 31
88 32 32
88 33 33
88 34 34
88 35 35
88 36 36
88 38 38
88 39 39
88 40 40
88 41 41
88 42 42
88 43 44
88 44 44
88 45 45
88 46 46
88 47 47
88 48 48
88 49 49
88 50 49
88 51 51
88 52 52
88 54 38
89 25 25
89 26 26
89 28 28
89 29 30
89 30 30
89 31 31
89 32 32
89 33 33
89 34 34
89 35 35
89 36 36
89 38 54
89 39 39
89 40 40
89 41 41
89 42 42
89 43 43
89 44 43
89 45 45
89 46 46
89 47 47
89 48 48
89 49 49
89 50 50
89 51 51
89 52 52
89 54 54
90 25 25
90 26 26
90 28 28
90 29 30
90 30 30
90 31 31
90 32 32
90 33 33
90 34 34
90 35 35
90 36 36
90 38 38
90 39 39
90 40 40
90 41 41
90 42 42
90 43 43
90 44 44
90 45 45
90 46 46
90 47 47
90 48 48
90 49 49
90 50 50
90 51 51
90 52 52
90 54 54
91 25 25
91 26 26
91 28 28
91 29 30
91 30 30
91 31 31
91 32 32
91 33 33
91 34 34
91 35 35
91 36 36
91 38 38
91 39 39
91 40 40
91 41 41
91 42 42
91 43 43
91 44 44
91 45 45
91 46 46
91 47 47
91 48 48
91 49 49
91 50 50
91 51 51
91 52 52
91 54 54
92 25 25
92 26 26
92 28 28
92 29 30
92 30 30
92 31 31
92 32 32
92 33 33
92 34 34
92 35 35
92 36 36
92 38 38
92 39 39
92 40 40
92 41 41
92 42 41
92 43 43
92 44 44
92 45 45
92 46 46
92 47 47
92 48 48
92 49 49
92 50 50
92 51 51
92 52 52
92 54 54
93 25 25
93 26 26
93 28 28
93 29 30
93 30 30
93 31 31
93 32 32
93 33 33
93 34 34
93 35 35
93 36 36
93 38 38
93 39 39
93 40 40
93 41 41
93 42 42
93 43 43
93 44 44
93 45 45
93 46 46
93 47 47
93 48 48
93 49 49
93 50 50
93 51 51
93 52 52
93 54 54
94 26 26
94 29 30
94 30 30
94 31 31
94 32 32
94 33 33
94 34 34
94 35 35
94 36 36
94 38 38
94 39 39
94 40 40
94 41 41
94 42 42
94 43 43
94 44 44
94 45 45
94 46 46
94 47 47
94 48 48
94 49 49
94 50 50
94 51 51
94 52 52
94 54 54
94 55 25
94 56 25
95 26 26
95 29 30
95 30 30
95 31 31
95 32 32
95 33 33
95 34 34
95 35 35
95 36 36
95 38 38
95 39 39
95 40 40
95 41 41
95 42 42
95 43 43
95 44 44
95 45 45
95 46 46
95 47 47
95 48 48
95 49 49
95 50 50
95 51 51
95 52 52
95 54 54
95 55 55
95 56 56
96 29 30
96 30 30
96 31 31
96 32 32
96 33 33
96 34 34
96 35 35
96 36 36
96 38 54
96 39 39
96 40 40
96 41 42
96 42 42
96 43 43
96 44 44
96 45 45
96 46 46
96 47 47
96 48 48
96 49 49
96 50 50
96 51 51
96 52 52
96 54 54
96 55 55
96 56 56
96 59 55
96 60 56
97 29 29
97 30 30
97 31 31
97 32 32
97 33 33
97 34 34
97 35 35
97 36 36
97 38 38
97 39 39
97 40 40
97 41 41
97 42 42
97 43 43
97 44 44
97 45 45
97 46 46
97 47 47
97 48 48
97 49 49
97 50 50
97 51 51
97 52 52
97 54 54
97 55 55
97 56 56
97 59 59
97 60 60
98 29 29
98 30 30
98 31 31
98 32 32
98 33 33
98 34 34
98 35 35
98 36 36
98 38 38
98 39 39
98 40 40
98 41 41
98 42 42
98 43 43
98 44 44
98 45 45
98 46 46
98 47 47
98 48 48
98 49 49
98 50 50
98 51 51
98 52 52
98 54 54
98 55 55
98 56 56
98 59 59
98 60 60
99 29 29
99 30 30
99 31 31
99 32 32
99 33 33
99 34 34
99 35 35
99 36 36
99 38 38
99 39 39
99 40 40
99 41 41
99 42 42
99 43 43
99 44 44
99 45 45
99 46 46
99 47 47
99 48 48
99 49 49
99 50 50
99 51 51
99 52 52
99 54 54
99 55 55
99 56 56
99 59 59
99 60 60
100 29 29
100 30 30
100 31 31
100 32 32
100 33 33
100 34 34
100 35 35
100 36 36
100 38 38
100 39 39
100 40 40
100 41 41
100 42 42
100 43 43
100 44 44
100 45 45
100 46 46
100 47 47
100 48 48
100 49 49
100 50 50
100 51 51
100 52 52
100 54 54
100 55 55
100 56 56
100 59 59
100 60 60
100 63 29
101 29 29
101 30 30
101 31 31
101 32 32
101 33 33
101 34 34
101 35 35
101 36 36
101 38 38
101 39 39
101 40 40
101 41 41
101 42 42
101 43 43
101 44 44
101 45 45
101 46 46
101 47 47
101 48 48
101 49 49
101 50 50
101 51 51
101 52 52
101 54 54
101 55 55
101 56 56
101 59 59
101 60 60
101 63 63
102 29 29
102 30 30
102 31 31
102 32 32
102 33 33
102 34 34
102 35 35
102 36 36
102 38 38
102 39 39
102 40 40
102 41 41
102 42 41
102 43 43
102 44 44
102 45 45
102 46 46
102 47 47
102 48 48
102 49 49
102 50 50
102 51 51
102 52 52
102 54 38
102 55 55
102 56 56
102 59 59
102 60 60
102 63 63
103 29 29
103 31 31
103 32 32
103 33 33
103 34 34
103 35 35
103 36 36
103 38 38
103 39 39
103 40 40
103 41 41
103 42 42
103 43 43
103 44 44
103 45 45
103 46 46
103 47 47
103 48 48
103 49 49
103 50 50
103 51 51
103 52 52
103 54 54
103 55 55
103 56 56
103 59 59
103 60 60
103 63 63
103 65 30
103 66 30
104 31 31
104 32 32
104 33 33
104 34 34
104 35 35
104 36 45
104 38 54
104 39 39
104 40 40
104 41 41
104 42 42
104 43 41
104 44 44
104 45 45
104 46 46
104 47 47
104 48 48
104 49 49
104 50 50
104 51 51
104 52 52
104 54 54
104 55 33
104 56 31
104 59 60
104 60 60
104 63 63
104 65 65
104 66 65
104 67 29
104 68 29
105 31 31
105 32 32
105 33 33
105 34 34
105 35 40
105 36 36
105 38 38
105 39 39
105 40 40
105 41 41
105 42 42
105 43 43
105 44 44
105 45 45
105 46 46
105 47 47
105 48 48
105 49 49
105 50 50
105 51 51
105 52 52
105 54 54
105 55 55
105 56 56
105 59 59
105 60 60
105 63 63
105 65 66
105 66 66
105 67 67
105 68 68
106 31 31
106 32 32
106 33 33
106 34 34
106 35 35
106 36 36
106 38 38
106 39 39
106 40 40
106 41 41
106 42 41
106 43 43
106 44 44
106 45 45
106 46 46
106 47 47
106 48 48
106 49 49
106 50 50
106 51 51
106 52 52
106 54 54
106 55 55
106 56 56
106 59 59
106 60 60
106 63 63
106 65 66
106 66 66
106 67 67
106 68 68
106 70 66
107 31 31
107 32 32
107 33 31
107 34 34
107 35 35
107 36 36
107 38 38
107 39 39
107 40 40
107 41 41
107 42 42
107 43 43
107 44 44
107 45 45
107 46 46
107 47 47
107 48 48
107 49 49
107 50 50
107 51 51
107 52 52
107 54 54
107 55 56
107 56 31
107 59 60
107 60 60
107 63 63
107 65 65
107 66 66
107 67 67
107 68 68
107 70 66
108 31 31
108 32 32
108 33 33
108 34 34
108 35 35
108 36 36
108 38 38
108 39 39
108 40 40
108 41 41
108 42 42
108 43 43
108 44 44
108 45 45
108 46 46
108 47 47
108 48 48
108 49 49
108 50 50
108 51 51
108 52 52
108 54 54
108 55 55
108 56 56
108 59 59
108 60 60
108 63 63
108 65 66
108 66 66
108 67 67
108 68 68
108 70 70
109 31 31
109 32 32
109 33 33
109 34 34
109 35 35
109 36 36
109 38 38
109 39 39
109 40 40
109 41 41
109 42 42
109 43 43
109 44 44
109 45 45
109 46 46
109 47 47
109 48 48
109 49 49
109 50 50
109 51 51
109 52 52
109 54 54
109 55 55
109 56 56
109 59 59
109 60 60
109 63 63
109 65 65
109 66 66
109 67 67
109 68 68
109 70 70
110 31 31
110 32 32
110 33 33
110 34 34
110 35 35
110 36 36
110 38 38
110 39 39
110 40 40
110 41 41
110 42 42
110 43 43
110 44 44
110 45 45
110 46 46
110 47 47
110 48 48
110 49 49
110 50 50
110 51 51
110 52 52
110 54 54
110 55 55
110 56 56
110 59 59
110 60 60
110 63 63
110 65 65
110 66 66
110 67 67
110 68 68
110 70 70
111 31 31
111 32 32
111 33 33
111 34 34
111 35 35
111 36 36
111 38 38
111 39 39
111 40 40
111 41 41
111 42 42
111 43 43
111 44 44
111 45 45
111 46 46
111 47 47
111 48 48
111 49 49
111 50 50
111 51 51
111 52 52
111 54 54
111 55 55
111 56 56
111 59 59
111 60 60
111 63 63
111 65 65
111 66 66
111 67 67
111 68 70
111 70 70
112 31 31
112 32 32
112 33 33
112 34 34
112 35 35
112 36 36
112 38 38
112 39 39
112 40 40
112 41 41
112 42 42
112 43 43
112 44 44
112 45 45
112 46 46
112 47 47
112 48 48
112 49 49
112 50 50
112 51 51
112 52 52
112 54 54
112 55 55
112 56 56
112 59 59
112 60 60
112 63 63
112 65 65
112 66 66
112 67 67
112 68 68
112 70 70
113 31 31
113 32 32
113 33 33
113 34 34
113 35 35
113 36 36
113 38 38
113 39 39
113 40 40
113 41 41
113 42 42
113 43 43
113 44 44
113 45 45
113 46 46
113 47 47
113 48 48
113 49 49
113 50 50
113 51 51
113 52 52
113 54 54
113 55 55
113 56 56
113 59 59
113 60 60
113 63 63
113 65 65
113 66 66
113 67 67
113 68 68
113 70 70
114 31 31
114 32 32
114 33 33
114 34 34
114 35 35
114 36 36
114 38 38
114 39 39
114 40 40
114 41 41
114 42 42
114 43 43
114 44 44
114 45 45
114 46 46
114 47 47
114 48 48
114 49 49
114 50 50
114 51 51
114 52 52
114 54 54
114 55 55
114 56 56
114 59 59
114 60 60
114 63 63
114 65 65
114 66 65
114 67 67
114 68 66
114 70 70
115 31 31
115 32 32
115 33 33
115 34 34
115 35 35
115 36 36
115 38 38
115 39 39
115 40 40
115 41 41
115 42 42
115 43 43
115 44 44
115 45 45
115 46 46
115 47 47
115 48 48
115 49 49
115 50 50
115 51 51
115 52 52
115 54 54
115 55 55
115 56 56
115 59 59
115 60 60
115 63 63
115 65 65
115 66 66
115 67 67
115 68 68
115 70 70
116 31 31
116 32 32
116 33 33
116 34 34
116 35 35
116 36 36
116 38 38
116 39 39
116 40 40
116 41 41
116 42 42
116 43 43
116 44 44
116 45 45
116 46 46
116 47 47
116 48 48
116 49 49
116 50 50
116 51 51
116 52 52
116 54 54
116 55 55
116 56 56
116 59 59
116 60 60
116 63 63
116 65 65
116 66 66
116 67 67
116 68 68
116 70 70
117 31 31
117 32 32
117 33 33
117 34 34
117 35 35
117 36 45
117 38 38
117 39 39
117 40 40
117 41 41
117 42 42
117 43 43
117 44 44
117 45 45
117 46 46
117 47 47
117 48 48
117 49 49
117 50 50
117 51 51
117 52 52
117 54 54
117 55 55
117 56 56
117 59 59
117 60 60
117 63 63
117 65 65
117 66 66
117 67 67
117 68 68
117 70 70
118 31 31
118 32 32
118 33 33
118 34 34
118 35 35
118 36 36
118 38 38
118 39 39
118 40 40
118 41 41
118 42 42
118 43 43
118 44 44
118 45 45
118 46 46
118 47 47
118 48 48
118 49 49
118 50 50
118 51 51
118 52 52
118 54 54
118 55 55
118 56 56
118 59 59
118 60 60
118 63 63
118 65 65
118 66 66
118 67 67
118 68 68
118 70 70
119 31 31
119 32 32
119 33 33
119 34 34
119 35 35
119 36 36
119 38 38
119 39 39
119 40 40
119 41 41
119 42 42
119 43 43
119 44 44
119 45 45
119 46 46
119 47 47
119 48 48
119 49 49
119 50 50
119 51 51
119 52 52
119 54 54
119 55 55
119 56 56
119 59 59
119 60 60
119 65 65
119 66 66
119 67 67
119 68 68
119 70 70
120 31 31
120 32 32
120 33 33
120 34 34
120 35 35
120 36 36
120 38 38
120 39 39
120 40 40
120 41 41
120 42 42
120 43 43
120 44 44
120 45 45
120 46 46
120 47 47
120 48 48
120 49 49
120 50 50
120 51 51
120 52 52
120 54 54
120 55 55
120 56 56
120 59 59
120 60 60
120 65 65
120 66 65
120 67 67
120 68 66
120 70 70
121 31 31
121 32 32
121 33 33
121 34 34
121 35 35
121 36 36
121 38 38
121 39 39
121 40 40
121 41 41
121 42 42
121 43 43
121 44 44
121 45 45
121 46 46
121 47 47
121 48 48
121 49 49
121 50 50
121 51 51
121 52 52
121 54 54
121 55 55
121 56 56
121 59 59
121 60 60
121 65 65
121 66 65
121 67 67
121 68 68
121 70 66
122 31 31
122 32 32
122 33 33
122 34 34
122 35 35
122 36 36
122 38 38
122 39 39
122 40 40
122 41 41
122 42 42
122 43 43
122 44 44
122 45 45
122 46 46
122 47 47
122 48 48
122 49 49
122 50 50
122 51 51
122 52 52
122 54 54
122 55 55
122 56 56
122 59 59
122 60 60
122 65 65
122 66 66
122 67 67
122 68 68
122 70 70
123 31 31
123 32 32
123 33 33
123 34 34
123 35 35
123 36 36
123 38 38
123 39 39
123 40 40
123 41 43
123 42 42
123 43 43
123 44 44
123 45 45
123 46 46
123 47 47
123 48 48
123 49 49
123 50 50
123 51 51
123 52 52
123 54 54
123 55 55
123 56 56
123 59 59
123 60 60
123 65 65
123 66 66
123 67 67
123 68 68
123 70 70
124 31 31
124 32 32
124 33 33
124 34 34
124 35 35
124 36 36
124 38 38
124 39 39
124 40 40
124 41 41
124 42 42
124 43 43
124 44 44
124 45 45
124 46 46
124 47 47
124 48 48
124 49 49
124 50 50
124 51 51
124 52 52
124 54 54
124 55 55
124 56 56
124 59 59
124 60 60
124 65 65
124 66 70
124 67 67
124 68 68
124 70 70
125 31 31
125 32 32
125 33 33
125 34 34
125 35 35
125 36 36
125 38 38
125 39 39
125 40 40
125 41 41
125 42 42
125 43 43
125 44 44
125 45 45
125 46 46
125 47 47
125 48 48
125 49 49
125 50 50
125 51 51
125 52 52
125 54 54
125 55 55
125 56 56
125 59 59
125 60 60
125 65 65
125 66 66
125 67 67
125 68 68
125 70 70
126 31 31
126 33 33
126 34 34
126 35 35
126 36 36
126 38 38
126 39 39
126 40 40
126 41 41
126 42 42
126 43 43
126 44 44
126 45 45
126 46 46
126 47 47
126 48 48
126 49 49
126 50 50
126 51 51
126 52 52
126 54 54
126 55 55
126 56 56
126 59 59
126 60 60
126 65 65
126 66 66
126 67 67
126 68 68
126 70 70
126 71 32
126 72 32
127 31 31
127 33 33
127 34 34
127 35 35
127 36 36
127 38 38
127 39 39
127 40 40
127 41 41
127 42 42
127 43 43
127 44 44
127 45 45
127 46 46
127 47 47
127 48 48
127 49 49
127 50 50
127 51 51
127 52 52
127 54 54
127 55 55
127 56 56
127 59 59
127 60 60
127 65 65
127 66 70
127 67 67
127 68 68
127 70 70
127 71 71
127 72 72
128 31 31
128 33 33
128 34 34
128 35 35
128 36 36
128 38 38
128 39 39
128 40 40
128 41 41
128 42 42
128 43 43
128 44 44
128 45 45
128 46 46
128 47 47
128 48 48
128 49 49
128 50 50
128 51 51
128 52 52
128 54 54
128 55 55
128 56 56
128 59 59
128 60 60
128 65 65
128 66 66
128 67 67
128 68 68
128 70 70
128 71 71
129 31 31
129 33 33
129 34 34
129 35 35
129 36 36
129 38 38
129 39 39
129 40 40
129 41 41
129 42 42
129 43 43
129 44 44
129 45 45
129 46 46
129 47 47
129 48 48
129 49 49
129 50 50
129 51 51
129 52 52
129 54 54
129 55 55
129 56 56
129 59 59
129 60 60
129 65 65
129 66 66
129 67 67
129 68 68
129 70 70
129 71 71
129 143 31
130 31 31
130 33 33
130 34 34
130 35 35
130 36 36
130 38 38
130 39 39
130 40 40
130 41 41
130 42 42
130 43 43
130 44 44
130 45 45
130 46 46
130 47 47
130 48 48
130 49 49
130 50 50
130 51 51
130 52 52
130 54 54
130 55 55
130 56 56
130 59 59
130 60 60
130 65 66
130 66 70
130 67 68
130 68 68
130 70 70
130 71 71
130 143 71
131 33 33
131 34 34
131 35 35
131 36 36
131 38 38
131 39 39
131 40 40
131 41 41
131 42 42
131 43 43
131 44 44
131 45 45
131 46 46
131 47 47
131 48 48
131 49 49
131 50 50
131 51 51
131 52 52
131 54 54
131 55 55
131 56 56
131 59 59
131 60 60
131 65 65
131 66 66
131 67 67
131 68 68
131 70 70
131 71 71
131 73 31
131 74 31
132 35 35
132 36 36
132 38 38
132 39 39
132 40 40
132 41 41
132 43 43
132 44 44
132 45 45
132 46 46
132 47 47
132 48 48
132 49 49
132 50 50
132 51 51
132 52 52
132 54 54
132 55 55
132 56 56
132 59 59
132 60 60
132 65 65
132 66 66
132 67 67
132 68 68
132 70 70
132 71 71
132 73 73
132 74 74
132 75 33
132 76 33
132 77 34
132 78 34
132 79 42
132 80 42
132 142 50
132 144 71
133 35 35
133 36 49
133 38 38
133 39 39
133 40 40
133 43 43
133 44 44
133 45 45
133 46 50
133 47 47
133 48 48
133 49 46
133 50 142
133 51 51
133 52 52
133 54 54
133 55 55
133 56 56
133 59 59
133 60 60
133 65 65
133 66 66
133 67 67
133 68 68
133 70 70
133 71 71
133 73 56
133 74 74
133 75 75
133 76 76
133 77 77
133 78 77
133 79 79
133 80 80
133 81 41
133 82 41
133 142 142
133 144 71
134 35 35
134 38 38
134 39 39
134 40 40
134 43 43
134 44 44
134 45 45
134 46 46
134 48 48
134 49 49
134 50 50
134 51 51
134 52 52
134 54 54
134 55 55
134 56 56
134 59 59
134 60 60
134 65 65
134 66 65
134 67 67
134 68 68
134 70 70
134 71 144
134 73 73
134 74 74
134 75 75
134 76 76
134 77 77
134 78 78
134 79 79
134 80 80
134 81 80
134 82 81
134 83 49
134 84 36
134 85 51
134 86 47
134 142 142
134 144 144
135 35 35
135 38 38
135 39 39
135 40 40
135 43 43
135 44 44
135 45 45
135 46 46
135 48 48
135 49 49
135 50 50
135 51 51
135 52 52
135 54 54
135 55 55
135 56 56
135 59 59
135 60 60
135 65 65
135 66 66
135 67 65
135 68 68
135 70 70
135 71 71
135 73 73
135 74 74
135 75 75
135 76 76
135 77 77
135 78 78
135 79 79
135 80 80
135 81 81
135 82 82
135 83 83
135 84 84
135 85 85
135 86 86
135 144 144
136 35 35
136 38 38
136 40 40
136 43 43
136 44 44
136 45 45
136 46 46
136 48 48
136 49 49
136 50 50
136 51 51
136 52 52
136 54 54
136 55 55
136 56 56
136 59 59
136 60 60
136 65 65
136 66 66
136 67 67
136 68 68
136 70 70
136 71 71
136 73 73
136 74 74
136 75 75
136 76 76
136 77 77
136 78 78
136 79 79
136 80 80
136 81 81
136 82 82
136 83 49
136 84 84
136 85 85
136 86 86
136 87 39
136 88 39
136 144 144
136 145 50
137 38 38
137 40 40
137 43 43
137 44 44
137 45 45
137 46 46
137 48 48
137 49 49
137 50 50
137 51 51
137 52 52
137 54 54
137 55 55
137 56 56
137 59 59
137 60 60
137 65 65
137 66 66
137 67 67
137 68 68
137 70 70
137 71 71
137 73 73
137 74 74
137 75 75
137 76 76
137 77 77
137 78 78
137 79 79
137 80 80
137 81 81
137 82 82
137 83 83
137 84 84
137 85 85
137 86 86
137 87 88
137 88 88
137 89 35
137 90 35
137 144 144
137 145 50
138 38 38
138 40 40
138 43 43
138 44 44
138 45 45
138 46 46
138 48 48
138 49 49
138 50 50
138 51 51
138 52 52
138 54 54
138 55 55
138 56 56
138 59 59
138 60 60
138 65 65
138 66 70
138 67 65
138 68 70
138 70 70
138 71 71
138 73 73
138 74 74
138 75 75
138 76 76
138 77 77
138 78 78
138 79 79
138 80 80
138 81 81
138 82 82
138 83 83
138 84 84
138 85 85
138 86 86
138 87 87
138 88 88
138 89 89
138 90 90
138 144 144
138 145 145
139 38 38
139 40 40
139 44 44
139 45 45
139 46 46
139 48 48
139 50 50
139 51 51
139 52 52
139 54 54
139 55 55
139 56 56
139 59 59
139 60 60
139 65 65
139 66 66
139 67 67
139 68 68
139 70 70
139 71 71
139 73 73
139 74 74
139 75 75
139 76 75
139 77 77
139 78 78
139 79 79
139 80 80
139 81 81
139 82 82
139 83 83
139 84 84
139 85 85
139 86 86
139 87 87
139 88 88
139 89 89
139 90 90
139 91 43
139 92 43
139 93 49
139 94 49
139 144 144
140 40 40
140 44 44
140 46 46
140 48 48
140 50 50
140 51 51
140 52 52
140 54 54
140 55 55
140 56 56
140 59 59
140 60 60
140 65 65
140 66 66
140 67 67
140 68 68
140 70 70
140 71 71
140 73 73
140 74 74
140 75 75
140 76 76
140 77 77
140 78 78
140 79 79
140 80 80
140 81 81
140 82 82
140 83 83
140 84 84
140 85 85
140 86 86
140 87 87
140 88 87
140 89 89
140 90 90
140 91 91
140 92 92
140 93 83
140 94 94
140 97 38
140 98 38
140 99 45
140 100 45
140 144 144
141 40 40
141 48 48
141 50 50
141 51 51
141 52 52
141 54 54
141 55 55
141 56 56
141 59 59
141 60 60
141 65 65
141 66 66
141 67 67
141 68 68
141 70 70
141 71 71
141 73 73
141 74 74
141 75 76
141 76 76
141 77 77
141 78 78
141 79 80
141 80 80
141 81 81
141 82 82
141 83 83
141 84 84
141 85 85
141 86 86
141 87 88
141 88 88
141 89 89
141 90 90
141 91 91
141 92 92
141 93 93
141 94 94
141 97 97
141 98 98
141 99 99
141 100 100
141 101 44
141 102 92
141 103 46
141 104 46
141 144 144
142 48 48
142 50 50
142 51 51
142 52 52
142 54 54
142 55 55
142 56 56
142 59 59
142 60 60
142 65 65
142 66 66
142 67 67
142 68 68
142 70 70
142 71 71
142 73 73
142 74 74
142 75 75
142 76 75
142 77 77
142 78 78
142 79 79
142 80 80
142 81 81
142 82 82
142 83 83
142 84 84
142 85 85
142 86 86
142 87 87
142 88 88
142 89 89
142 90 90
142 91 91
142 92 92
142 93 93
142 94 94
142 97 97
142 98 98
142 99 99
142 100 100
142 101 101
142 102 102
142 103 103
142 104 104
142 105 40
142 106 40
142 144 144
143 50 50
143 52 52
143 55 55
143 56 56
143 59 59
143 60 60
143 65 65
143 66 70
143 67 67
143 68 68
143 70 70
143 71 71
143 73 73
143 74 74
143 75 75
143 76 76
143 77 77
143 78 78
143 79 79
143 80 80
143 81 81
143 82 82
143 83 83
143 84 84
143 85 51
143 86 86
143 87 87
143 88 88
143 89 89
143 90 90
143 91 91
143 92 92
143 93 93
143 94 94
143 97 98
143 98 98
143 99 99
143 100 100
143 101 101
143 102 102
143 103 103
143 104 104
143 105 105
143 106 106
143 107 48
143 108 48
143 109 51
143 110 51
143 111 54
143 112 54
143 144 144
144 50 50
144 52 52
144 55 55
144 56 56
144 59 59
144 60 60
144 65 65
144 66 70
144 67 67
144 68 68
144 70 70
144 71 71
144 73 73
144 74 74
144 75 76
144 76 76
144 77 77
144 78 77
144 79 79
144 80 80
144 81 82
144 82 82
144 83 83
144 84 84
144 85 85
144 86 86
144 87 88
144 88 88
144 89 89
144 90 90
144 91 91
144 92 92
144 93 93
144 94 94
144 97 98
144 98 98
144 99 99
144 100 100
144 101 101
144 102 102
144 103 103
144 104 104
144 105 105
144 106 106
144 107 107
144 108 107
144 109 52
144 110 52
144 111 111
144 112 112
144 144 144
145 50 50
145 55 55
145 56 56
145 59 59
145 60 60
145 65 65
145 66 66
145 67 67
145 68 68
145 70 70
145 71 71
145 73 73
145 74 74
145 75 75
145 76 75
145 77 77
145 78 78
145 79 79
145 80 80
145 81 81
145 82 82
145 83 83
145 84 84
145 85 85
145 86 86
145 87 87
145 88 87
145 89 89
145 90 90
145 91 91
145 92 92
145 93 93
145 94 94
145 97 97
145 98 98
145 99 99
145 100 100
145 101 101
145 102 92
145 103 103
145 104 104
145 105 105
145 106 106
145 107 107
145 108 108
145 109 110
145 110 110
145 111 111
145 112 112
145 113 52
145 114 52
145 144 144
146 50 50
146 55 55
146 56 56
146 59 59
146 60 60
146 65 65
146 66 66
146 67 67
146 68 68
146 70 70
146 71 71
146 73 73
146 74 74
146 75 75
146 76 75
146 77 77
146 78 78
146 79 79
146 80 80
146 81 82
146 82 82
146 83 83
146 84 84
146 85 85
146 86 86
146 87 87
146 88 88
146 89 89
146 90 90
146 91 91
146 92 92
146 93 93
146 94 94
146 97 98
146 98 98
146 99 99
146 100 100
146 101 101
146 102 102
146 103 103
146 104 104
146 105 105
146 106 106
146 107 107
146 108 108
146 109 109
146 110 110
146 111 111
146 112 98
146 113 113
146 114 114
146 144 144
147 50 50
147 55 55
147 56 56
147 59 59
147 60 60
147 65 65
147 66 70
147 67 67
147 68 68
147 70 70
147 71 71
147 73 73
147 74 74
147 75 75
147 76 75
147 77 77
147 78 78
147 79 79
147 80 80
147 81 81
147 82 82
147 83 83
147 84 84
147 85 85
147 86 86
147 87 87
147 88 87
147 89 89
147 90 90
147 91 91
147 92 92
147 93 93
147 94 94
147 97 98
147 98 98
147 99 99
147 100 100
147 101 101
147 102 102
147 103 103
147 104 104
147 105 105
147 106 106
147 107 107
147 108 108
147 109 109
147 110 110
147 111 111
147 112 112
147 113 113
147 114 114
147 144 144
148 50 50
148 55 55
148 56 56
148 59 59
148 60 60
148 65 65
148 66 70
148 67 67
148 68 68
148 70 70
148 71 71
148 73 73
148 74 74
148 75 75
148 76 75
148 77 77
148 78 78
148 79 79
148 80 80
148 81 81
148 82 82
148 83 83
148 84 84
148 85 85
148 86 86
148 87 87
148 88 88
148 89 89
148 90 90
148 91 91
148 92 92
148 93 93
148 94 94
148 97 98
148 98 98
148 99 99
148 100 100
148 101 101
148 102 102
148 103 103
148 104 104
148 105 105
148 106 106
148 107 107
148 108 108
148 109 109
148 110 110
148 111 111
148 112 112
148 113 113
148 114 114
148 144 92
149 55 55
149 56 56
149 60 60
149 65 65
149 66 66
149 67 67
149 68 68
149 70 70
149 71 71
149 73 73
149 74 74
149 75 75
149 76 75
149 77 77
149 78 78
149 79 79
149 80 80
149 81 81
149 82 82
149 83 83
149 84 84
149 85 85
149 86 86
149 87 87
149 88 88
149 89 89
149 90 90
149 91 91
149 92 144
149 93 93
149 94 94
149 97 98
149 98 98
149 99 99
149 100 100
149 101 101
149 102 102
149 103 103
149 104 104
149 105 105
149 106 106
149 107 107
149 108 108
149 109 109
149 110 110
149 111 111
149 112 112
149 113 113
149 114 114
149 117 50
149 118 50
149 119 59
149 120 60
149 144 71
