1 0 1 0
2 0 0 0
3 0 2 0
4 0 5 0
5 0 8 0
6 0 0 0
7 0 5 0
8 0 0 0
9 1 1 6
10 1 1 2
11 1 1 8
12 1 1 2
13 1 1 6
14 1 17 8
15 2 2 13
16 2 2 12
17 2 2 12
18 2 6 13
19 3 3 17
20 3 3 17
21 3 3 3
22 3 8 17
23 3 8 3
24 3 5 3
25 5 8 0
26 6 26 7
27 6 10 24
28 6 7 7
29 6 7 24
30 6 6 7
31 6 6 4
32 6 16 4
33 7 8 0
34 7 7 18
35 7 10 18
36 8 18 0
37 8 16 0
38 9 9 22
39 9 9 23
40 9 9 5
41 9 9 22
42 9 12 23
43 9 9 5
44 10 12 0
45 10 11 0
46 10 10 41
47 10 10 43
48 10 11 41
49 10 15 43
50 10 14 41
51 11 11 35
52 11 11 35
53 11 11 35
54 12 29 53
55 12 12 53
56 12 12 53
57 12 12 48
58 12 15 48
59 13 15 42
60 13 13 42
61 14 17 0
62 14 14 60
63 14 21 60
64 15 15 50
65 15 15 50
66 15 15 50
67 16 19 0
68 16 18 0
69 16 17 59
70 16 17 0
71 16 16 66
72 16 16 58
73 16 16 49
74 16 19 58
75 16 16 59
76 16 22 49
77 16 22 66
78 17 17 75
79 17 17 32
80 17 20 75
81 17 20 32
82 18 18 14
83 18 23 14
84 19 21 0
85 19 20 0
86 20 22 0
87 20 21 0
88 20 20 74
89 20 31 74
90 20 21 74
91 20 22 0
92 21 22 0
93 21 21 80
94 21 21 81
95 21 28 80
96 21 31 81
97 22 33 63
98 22 33 63
99 22 22 90
100 22 22 90
101 22 45 0
102 22 22 90
103 23 26 102
104 23 24 91
105 23 24 102
106 23 23 77
107 23 23 91
108 23 23 76
109 23 27 76
110 23 27 77
111 24 24 83
112 24 24 83
113 24 25 0
114 25 38 0
115 26 26 113
116 26 26 113
117 27 28 0
118 28 30 0
119 28 28 110
120 28 28 109
121 28 36 109
122 28 34 110
123 29 29 95
124 29 29 95
125 29 29 95
126 29 34 95
127 30 33 0
128 31 33 0
129 31 32 0
130 32 47 89
131 32 35 0
132 32 32 89
133 32 32 89
134 32 32 89
135 32 32 96
136 32 33 96
137 33 34 0
138 33 34 0
139 34 39 127
140 34 37 0
141 34 36 0
142 34 34 136
143 34 34 127
144 34 36 136
145 35 45 122
146 35 37 0
147 35 37 0
148 35 35 122
149 35 38 126
150 35 36 126
151 36 40 0
152 36 37 0
153 37 47 121
154 37 38 0
155 37 38 144
156 37 38 0
157 37 38 0
158 37 37 150
159 37 37 121
160 37 46 150
161 37 45 144
162 37 40 0
163 38 39 0
164 38 40 0
165 39 40 0
166 39 40 149
167 39 40 0
168 39 40 0
169 39 40 0
170 39 39 149
171 39 41 0
172 40 40 170
173 40 41 170
174 41 47 164
175 41 43 0
176 41 42 164
177 41 41 162
178 41 42 162
179 42 47 0
180 42 43 171
181 42 42 171
182 42 42 173
183 42 44 173
184 42 46 0
185 43 44 178
186 43 43 178
187 43 43 178
188 44 45 0
189 45 47 0
190 45 47 0
191 45 47 183
192 45 47 0
193 45 45 183
194 45 45 183
195 45 45 183
196 45 45 183
197 46 47 101
198 46 47 0
199 46 46 196
200 46 46 161
201 46 46 101
202 46 46 196
203 46 46 161
204 47 47 202
205 47 47 202
206 47 47 160
207 47 47 203
208 47 47 160
209 47 47 160
210 47 47 202
211 47 47 203
212 47 47 203
213 47 47 202
214 47 47 160
215 47 47 160
216 47 47 184
217 47 47 184
