1 0 24 0
2 0 8 0
3 0 3 0
4 0 7 0
5 1 3 0
6 2 3 0
7 4 18 0
8 4 7 0
9 5 7 0
10 5 6 0
11 8 13 4
12 8 17 4
13 10 11 0
14 11 13 0
15 12 13 0
16 13 25 0
17 13 18 0
18 14 18 0
19 14 15 0
20 15 18 0
21 15 16 0
22 16 18 0
23 16 17 0
24 16 17 0
25 17 18 0
26 18 20 0
27 18 18 12
28 18 44 12
29 19 23 0
30 19 22 0
31 19 21 0
32 19 21 0
33 20 21 0
34 20 21 0
35 21 22 0
36 22 23 0
37 22 23 0
38 22 23 0
39 22 23 0
40 23 47 0
41 23 25 0
42 24 25 0
43 24 25 0
44 24 25 0
45 24 25 0
46 27 28 0
47 27 28 0
48 27 28 0
49 28 29 0
50 28 29 0
51 30 31 0
52 30 31 0
53 30 31 0
54 30 31 0
55 30 31 0
56 32 33 0
57 33 36 0
58 33 34 0
59 34 36 0
60 35 37 0
61 35 36 0
62 36 47 0
63 37 47 0
64 37 39 0
65 38 40 0
66 38 39 0
67 38 39 0
68 38 39 0
69 40 42 0
70 41 47 0
71 41 42 0
72 44 45 0
73 44 45 0
74 44 45 0
75 45 45 28
76 45 45 28
77 45 45 28
78 45 46 28
79 47 47 78
80 47 47 78
