646 0 20 0
811 0 24 0
2596 0 64 0
1973 0 51 0
575 0 18 0
1545 0 41 0
1842 0 48 0
774 0 23 0
1293 0 35 0
1758 0 46 0
280 0 9 0
1122 0 31 0
1295 0 35 0
905 0 26 0
549 0 17 0
1379 0 37 0
620 0 19 0
287 0 9 0
586 0 18 0
949 0 27 0
588 0 18 0
1801 0 47 0
2017 0 52 0
321 0 10 0
701 0 21 0
420 0 13 0
2062 0 53 0
664 0 20 0
1257 0 34 0
424 0 13 0
2556 10 64 280
2557 10 64 280
1385 10 37 287
2514 10 63 287
1724 11 45 321
2558 11 64 321
2559 14 64 420
1642 14 43 420
2560 14 64 424
2561 14 64 424
2562 18 64 549
2563 18 64 549
1096 19 30 575
2564 19 64 575
2565 19 64 586
2566 19 64 586
2567 19 64 588
929 19 26 588
2568 20 64 620
2569 20 64 620
2570 21 64 646
1277 21 34 646
2395 21 60 664
2571 22 64 701
2572 22 64 701
2082 24 53 774
2573 24 64 774
2574 25 64 811
1326 27 35 905
2575 28 64 949
2576 28 64 949
1785 30 46 0
2577 35 64 1257
2268 35 57 1257
2578 36 64 1293
2579 36 64 1293
2580 36 64 1295
2048 36 52 1295
1422 38 38 1379
2106 39 54 1422
2581 42 64 1545
2008 42 51 1545
1893 46 49 1724
1826 47 47 1785
2181 47 55 1758
2582 47 64 1758
2583 48 64 1801
2584 48 64 1801
2585 49 64 1842
2586 49 64 1842
1927 49 49 1842
1971 50 50 1927
2587 52 64 1973
2588 52 64 1973
2058 52 52 2008
2599 52 64 1973
2589 53 64 2017
2590 53 64 2017
2103 53 53 2058
2591 54 64 2103
2283 54 57 2103
2592 54 64 2062
2285 54 57 2062
2594 55 64 2106
2595 55 64 2106
2593 58 64 2285
2600 59 64 0
2597 64 64 2514
2598 64 64 2514
