1 0 8 0
2 0 0 0
3 0 0 0
4 0 2 0
5 1 3 0
6 1 1 3
7 1 1 2
8 1 2 2
9 1 3 3
10 2 3 0
11 3 3 4
12 3 3 8
13 3 3 4
14 3 7 8
15 4 24 9
16 4 6 0
17 4 4 9
18 4 12 0
19 4 4 0
20 5 7 19
21 5 7 0
22 5 5 19
23 8 13 14
24 8 9 14
25 10 11 0
26 10 10 24
27 10 10 24
28 11 13 0
29 11 11 27
30 11 16 27
31 12 13 0
32 13 18 0
33 13 13 18
34 13 13 18
35 13 14 0
36 14 18 34
37 14 18 34
38 14 15 0
39 15 18 0
40 15 17 35
41 15 16 0
42 15 15 35
43 15 15 35
44 16 18 0
45 16 17 0
46 16 17 0
47 17 18 0
48 17 17 30
49 17 17 30
50 17 17 30
51 18 25 50
52 18 20 0
53 18 18 50
54 18 20 50
55 19 23 0
56 19 21 0
57 19 21 0
58 19 25 0
59 20 21 0
60 20 21 0
61 21 25 0
62 21 21 54
63 21 29 54
64 22 25 0
65 22 23 0
66 22 23 0
67 22 23 0
68 24 25 0
69 24 25 0
70 24 25 0
71 26 27 0
72 26 26 58
73 26 27 58
74 27 29 0
75 27 28 0
76 27 28 0
77 27 28 0
78 28 29 0
79 28 35 73
80 28 28 73
81 29 31 80
82 29 29 80
83 30 33 0
84 30 31 0
85 30 31 0
86 30 31 0
87 30 30 63
88 30 36 63
89 32 36 0
90 32 34 0
91 32 34 0
92 33 36 0
93 33 34 0
94 34 36 0
95 34 35 0
96 36 42 95
97 36 36 79
98 36 36 95
99 36 37 79
100 36 39 0
101 37 39 88
102 37 37 88
103 37 37 88
104 37 37 0
105 38 39 0
106 38 39 0
107 38 39 0
108 38 38 103
109 38 38 104
110 38 38 99
111 38 38 103
112 38 39 99
113 38 38 104
114 39 40 111
115 39 39 113
116 39 39 111
117 39 42 111
118 39 39 113
119 40 42 0
120 40 41 0
121 40 41 0
122 40 40 112
123 40 40 118
124 40 40 112
125 40 40 100
126 40 40 112
127 40 44 118
128 40 40 100
129 41 41 126
130 41 41 128
131 41 41 126
132 41 41 128
133 41 42 0
134 41 41 126
135 41 43 128
136 42 42 134
137 42 43 134
138 43 47 133
139 43 43 117
140 43 43 117
141 43 43 133
142 43 43 117
143 44 45 137
144 44 45 0
145 44 45 0
146 44 44 142
147 44 44 137
148 44 44 135
149 44 44 142
150 44 45 137
151 44 46 135
152 45 47 127
153 45 45 149
154 45 45 149
155 45 45 149
156 45 45 149
157 45 45 127
158 45 45 149
159 45 46 149
160 46 47 150
161 46 46 150
162 47 47 159
163 47 47 159
164 47 47 159
165 47 47 151
166 47 47 151
