1 0 29 0
2 0 29 0
3 0 29 0
4 0 29 0
5 0 29 0
6 0 29 0
7 0 13 0
8 0 12 0
9 0 8 0
10 0 4 0
11 0 2 0
12 0 2 0
13 0 2 0
14 0 1 0
15 0 1 0
16 0 6 0
17 0 11 0
18 0 4 0
19 0 1 0
20 0 1 0
21 0 1 0
22 0 9 0
23 0 11 0
24 0 15 0
25 0 0 0
26 0 19 0
27 0 0 0
28 0 5 0
29 0 2 0
30 0 21 0
31 0 7 0
32 0 2 0
33 0 6 0
34 0 19 0
35 0 5 0
36 0 3 0
37 0 0 0
38 0 3 0
39 0 1 0
40 1 2 0
41 1 1 25
42 1 1 37
43 1 3 25
44 1 1 27
45 1 6 37
46 1 1 27
47 2 29 15
48 2 2 19
49 2 2 19
50 2 2 19
51 2 2 19
52 2 2 19
53 2 2 21
54 2 2 46
55 2 2 46
56 2 2 44
57 2 2 39
58 2 22 15
59 2 3 19
60 2 9 20
61 2 4 21
62 2 2 20
63 2 3 44
64 2 6 39
65 3 29 62
66 3 4 0
67 3 3 29
68 3 3 32
69 3 3 29
70 3 5 32
71 3 4 62
72 4 8 0
73 4 5 38
74 4 4 59
75 4 4 59
76 4 4 36
77 4 4 43
78 4 4 36
79 4 4 69
80 4 4 63
81 4 4 59
82 4 7 43
83 4 4 63
84 4 4 69
85 4 4 36
86 4 9 38
87 5 29 61
88 5 7 0
89 5 6 81
90 5 6 85
91 5 6 0
92 5 5 81
93 5 5 18
94 5 5 71
95 5 5 61
96 5 5 85
97 5 5 83
98 5 5 83
99 5 5 84
100 5 5 18
101 5 19 81
102 5 5 83
103 5 6 84
104 5 8 85
105 5 5 71
106 6 10 105
107 6 6 100
108 6 6 105
109 6 6 102
110 6 6 28
111 6 6 35
112 6 6 35
113 6 6 28
114 6 14 100
115 6 6 102
116 6 20 28
117 6 9 70
118 6 6 70
119 6 6 35
120 7 12 45
121 7 9 64
122 7 9 0
123 7 7 16
124 7 7 45
125 7 7 64
126 7 7 118
127 7 7 33
128 7 7 119
129 7 10 16
130 7 10 115
131 7 8 103
132 7 9 118
133 7 25 33
134 7 15 119
135 7 7 115
136 7 7 103
137 8 13 136
138 8 8 82
139 8 8 135
140 8 8 136
141 8 8 31
142 8 11 82
143 8 8 31
144 8 12 135
145 9 29 143
146 9 9 104
147 9 9 104
148 9 9 131
149 9 9 143
150 9 9 131
151 9 14 131
152 9 12 104
153 10 16 0
154 10 14 0
155 10 11 0
156 10 11 0
157 10 11 86
158 10 10 60
159 10 10 22
160 10 10 86
161 10 10 117
162 10 10 117
163 10 10 132
164 10 19 60
165 10 11 22
166 10 11 117
167 10 10 132
168 11 11 129
169 11 11 130
170 11 11 167
171 11 14 129
172 11 11 130
173 11 11 130
174 11 12 167
175 12 21 173
176 12 13 142
177 12 12 17
178 12 12 165
179 12 12 165
180 12 12 172
181 12 12 166
182 12 12 17
183 12 25 165
184 12 12 23
185 12 13 23
186 12 12 142
187 12 13 172
188 12 19 173
189 12 14 166
190 12 14 142
191 13 17 0
192 13 14 0
193 13 14 186
194 13 13 182
195 13 13 184
196 13 13 152
197 13 13 152
198 13 13 144
199 13 13 174
200 13 21 182
201 13 15 184
202 13 13 186
203 13 14 174
204 13 14 152
205 13 14 144
206 14 14 202
207 14 14 185
208 14 14 185
209 14 14 187
210 14 14 185
211 14 21 202
212 14 15 187
213 15 29 114
214 15 29 189
215 15 18 205
216 15 15 114
217 15 15 171
218 15 15 210
219 15 15 204
220 15 15 190
221 15 15 151
222 15 15 203
223 15 15 189
224 15 23 171
225 15 24 210
226 15 16 151
227 15 16 203
228 15 16 190
229 15 15 204
230 15 16 205
231 15 16 189
232 16 29 24
233 16 29 134
234 16 18 0
235 16 16 201
236 16 16 24
237 16 16 229
238 16 16 134
239 16 25 201
240 16 20 212
241 16 16 229
242 16 20 212
243 17 21 231
244 17 18 226
245 17 17 228
246 17 17 241
247 17 17 226
248 17 17 226
249 17 17 230
250 17 17 231
251 17 17 227
252 17 17 226
253 17 17 227
254 17 19 228
255 17 17 241
256 17 19 230
257 18 18 255
258 18 18 252
259 18 18 253
260 18 19 252
261 18 19 253
262 18 18 255
263 19 22 262
264 19 19 262
265 19 19 262
266 20 29 26
267 20 23 254
268 20 23 265
269 20 22 260
270 20 21 0
271 20 21 261
272 20 21 0
273 20 20 101
274 20 20 101
275 20 20 164
276 20 20 254
277 20 20 265
278 20 20 265
279 20 20 26
280 20 20 188
281 20 20 256
282 20 20 34
283 20 21 101
284 20 22 164
285 20 23 188
286 20 20 260
287 20 21 261
288 20 20 0
289 20 25 34
290 20 21 0
291 20 20 0
292 20 20 0
293 20 21 0
294 20 20 256
295 21 25 0
296 21 22 292
297 21 22 116
298 21 22 116
299 21 21 291
300 21 21 242
301 21 21 286
302 21 21 242
303 21 21 294
304 21 21 294
305 21 21 288
306 21 21 240
307 21 22 116
308 21 21 286
309 21 21 288
310 21 21 0
311 21 21 291
312 21 21 292
313 21 21 240
314 22 29 283
315 22 24 310
316 22 24 308
317 22 23 311
318 22 23 0
319 22 23 0
320 22 23 313
321 22 23 309
322 22 22 310
323 22 22 311
324 22 22 312
325 22 22 293
326 22 22 293
327 22 22 293
328 22 22 283
329 22 22 200
330 22 22 293
331 22 22 211
332 22 22 290
333 22 22 306
334 22 22 313
335 22 22 290
336 22 22 308
337 22 22 30
338 22 22 287
339 22 22 309
340 22 23 200
341 22 23 211
342 22 22 306
343 22 23 308
344 22 24 30
345 22 22 287
346 22 22 309
347 22 22 290
348 22 22 311
349 22 23 312
350 22 23 290
351 23 29 58
352 23 27 307
353 23 24 0
354 23 24 307
355 23 24 346
356 23 24 0
357 23 23 58
358 23 23 348
359 23 23 284
360 23 23 284
361 23 23 342
362 23 23 346
363 23 23 307
364 23 23 345
365 23 23 345
366 23 24 284
367 23 24 342
368 23 24 307
369 23 23 307
370 23 24 345
371 23 23 307
372 23 23 346
373 23 24 307
374 23 23 347
375 23 23 347
376 23 23 348
377 23 23 0
378 24 29 224
379 24 29 341
380 24 29 285
381 24 25 374
382 24 25 375
383 24 24 376
384 24 24 376
385 24 24 376
386 24 24 376
387 24 24 349
388 24 24 349
389 24 24 349
390 24 24 340
391 24 24 340
392 24 24 224
393 24 24 340
394 24 24 377
395 24 24 377
396 24 24 340
397 24 24 374
398 24 24 374
399 24 24 340
400 24 24 374
401 24 24 375
402 24 24 341
403 24 24 350
404 24 24 350
405 24 24 350
406 24 24 343
407 24 24 285
408 24 24 369
409 24 24 343
410 24 24 343
411 24 24 343
412 24 24 371
413 24 24 372
414 24 24 372
415 24 24 340
416 24 24 343
417 24 26 369
418 24 25 371
419 24 24 372
420 25 29 0
421 25 29 225
422 25 29 368
423 25 29 344
424 25 27 415
425 25 26 367
426 25 26 368
427 25 25 415
428 25 25 366
429 25 25 415
430 25 25 225
431 25 25 344
432 25 25 373
433 25 25 370
434 25 25 419
435 25 26 415
436 25 26 366
437 25 25 415
438 25 26 367
439 25 27 367
440 25 26 416
441 25 25 370
442 25 26 419
443 25 27 373
444 25 27 416
445 26 29 183
446 26 29 239
447 26 29 133
448 26 29 418
449 26 29 289
450 26 26 183
451 26 26 239
452 26 26 437
453 26 26 437
454 26 26 441
455 26 26 418
456 26 26 133
457 26 26 289
458 26 26 0
459 26 28 437
460 26 27 441
461 26 27 418
462 27 29 0
463 27 29 0
464 27 29 436
465 27 29 458
466 27 29 438
467 27 29 438
468 27 29 0
469 27 28 0
470 27 28 0
471 27 28 0
472 27 28 458
473 27 28 0
474 27 28 0
475 27 27 436
476 27 27 435
477 27 27 440
478 27 27 417
479 27 27 442
480 27 27 417
481 27 27 0
482 27 28 0
483 27 28 435
484 27 28 0
485 27 27 0
486 27 28 0
487 27 27 440
488 27 27 0
489 27 27 417
490 27 28 442
491 28 29 439
492 28 29 487
493 28 29 488
494 28 29 489
495 28 29 460
496 28 29 461
497 28 29 443
498 28 28 481
499 28 28 485
500 28 28 485
501 28 28 444
502 28 28 444
503 28 28 439
504 28 28 460
505 28 28 487
506 28 28 461
507 28 28 443
508 28 28 481
509 28 28 485
510 28 28 488
511 28 28 489
512 29 29 508
513 29 29 508
514 29 29 482
515 29 29 482
516 29 29 482
517 29 29 482
518 29 29 483
519 29 29 484
520 29 29 484
521 29 29 483
522 29 29 459
523 29 29 509
524 29 29 459
525 29 29 509
526 29 29 486
527 29 29 486
528 29 29 510
529 29 29 510
530 29 29 510
531 29 29 490
532 29 29 511
533 29 29 511
534 29 29 490
